32
85
391
46
46
181
39
37
47
130
620
62
73
46
53
48
54
77
53
558
188
150
17
248
483
222
266
486
147
117
72
275
94
56
67
143
66
61
120
133
49
47
44
136
57
164
758
91
103
210
46
282
335
237
323
183
221
326
316
279
29
94
303
272
273
54
188
61
37
191
166
204
391
161
163
132
250
256
11
79
571
126
57
29
78
67
81
70
76
79
64
61
78
550
190
235
139
69
41
85
71
68
64
175
85
276
375
262
972
146
81
185
40
127
215
29
169
54
90
91
62
75
62
66
43
34
133
36
191
68
84
76
354
331
301
326
60
180
129
137
38
80
55
293
561
91
65
456
337
481
385
90
107
107
93
80
575
376
273
440
75
618
230
240
185
222
227
338
256
436
43
497
140
133
78
84
291
302
195
206
43
40
48
69
50
41
58
51
284
200
70
205
211
307
54
94
195
27
170
231
264
60
64
420
18
395
321
198
28
32
271
400
393
264
342
310
239
312
20
174
196
241
335
57
304
193
62
430
45
55
162
42
33
24
221
422
198
322
109
95
58
269
28
44
45
236
347
252
563
37
63
65
42
59
80
51
52
175
192
78
336
68
64
104
81
39
99
95
53
53
39
379
226
61
26
190
72
225
141
17
298
63
321
149
161
227
51
115
119
25
54
35
53
211
222
265
223
328
42
79
50
35
148
149
127
120
37
23
21
144
248
76
67
60
41
160
248
183
54
84
101
75
93
202
343
306
101
132
178
231
95
172
40
194
42
207
195
42
41
163
81
183
447
523
448
337
151
45
25
57
24
43
53
70
38
176
54
24
80
118
113
32
44
70
104
29
255
135
67
88
199
76
62
60
50
70
47
324
135
136
333
291
190
226
104
291
104
142
168
158
189
325
133
64
154
44
192
88
237
28
87
95
187
194
48
64
67
53
68
49
311
269
70
152
65
55
30
210
243
323
27
29
52
53
376
190
250
171
315
195
130
109
330
290
234
224
322
327
48
32
123
123
266
219
134
60
260
86
59
76
70
245
133
149
58
56
367
80
252
112
48
127
38
52
119
400
132
53
315
58
87
55
94
286
149
78
67
101
25
200
29
28
41
464
187
261
79
104
53
50
66
50
70
46
69
49
285
115
208
62
91
71
101
31
83
29
38
76
293
309
76
304
135
334
242
305
435
231
281
43
130
190
96
175
66
280
262
78
146
253
50
184
371
425
237
151
69
415
108
46
77
64
32
64
28
23
26
40
67
31
42
486
316
428
316
315
362
237
158
53
35
32
39
40
336
78
150
167
149
47
55
101
48
99
141
205
135
152
68
270
57
32
129
22
168
71
116
543
277
29
58
109
156
41
52
69
99
39
266
205
23
28
50
44
38
32
33
174
165
88
93
50
193
145
49
58
84
110
823
298
366
404
50
41
219
253
200
44
183
82
29
109
51
87
120
221
61
78
207
266
29
75
251
72
168
117
261
110
29
211
301
200
23
75
25
278
137
39
39
77
111
98
198
300
140
217
323
48
39
129
56
137
26
32
50
151
43
38
82
77
142
271
56
61
185
140
201
299
178
60
313
158
321
46
100
71
59
253
44
107
83
48
71
17
52
68
58
67
71
43
47
47
168
195
280
43
44
130
355
816
259
425
337
372
319
251
62
126
324
221
266
433
208
220
256
249
73
248
56
89
399
41
38
32
331
77
282
201
236
283
240
197
51
212
34
35
132
89
30
553
38
147
111
115
40
47
90
112
36
41
81
114
70
96
418
105
182
606
162
101
163
114
179
180
106
111
262
176
66
206
55
100
59
63
192
67
104
284
539
182
64
54
51
58
56
49
71
115
70
57
68
328
231
337
407
371
55
77
84
18
398
289
284
228
102
277
42
264
283
228
45
41
60
34
418
372
23
134
201
350
189
254
353
306
48
85
51
47
45
218
131
101
515
216
213
180
384
302
39
52
165
422
33
189
41
125
135
23
201
221
236
36
45
44
38
52
228
64
38
22
35
65
147
144
100
396
345
69
88
68
48
165
141
199
649
466
684
219
161
125
270
109
218
31
404
61
146
254
398
86
151
317
435
104
65
49
48
55
66
73
33
48
71
58
44
63
39
289
280
83
98
98
92
76
75
88
61
197
203
170
79
112
46
187
163
132
61
183
183
71
233
90
84
284
500
31
256
185
168
29
22
88
53
45
51
372
43
67
53
34
304
70
186
182
186
57
79
53
84
114
162
197
45
184
92
198
120
43
63
91
54
108
125
44
59
380
417
259
273
37
50
57
39
25
243
181
26
48
138
164
137
62
47
48
62
49
55
54
74
325
170
102
209
381
160
49
687
438
277
387
193
309
151
264
42
155
169
354
131
46
43
56
185
47
72
49
28
27
308
331
60
132
329
266
189
124
64
135
228
99
442
54
90
105
79
105
90
86
59
135
358
214
164
289
23
42
26
27
34
51
27
20
299
120
97
53
79
69
219
270
202
180
162
178
57
68
54
64
357
310
252
369
269
511
355
143
152
102
295
336
39
56
157
129
252
73
123
153
77
90
58
48
48
50
60
52
51
81
185
284
218
69
69
89
63
54
32
64
262
263
185
199
56
68
22
35
108
45
239
140
149
39
254
292
378
91
47
137
180
46
48
98
125
90
43
189
102
233
216
222
287
80
89
64
67
150
194
148
152
127
166
116
195
97
87
423
147
80
55
116
75
19
122
31
255
319
79
39
43
46
46
86
51
227
487
355
814
236
292
263
336
232
75
261
115
112
136
223
201
143
137
201
110
60
56
35
55
73
169
69
239
216
238
248
63
60
63
60
87
346
126
86
60
134
75
82
229
139
154
29
41
58
21
20
44
22
46
52
36
483
197
362
151
39
26
125
172
68
376
72
120
390
305
286
277
41
44
50
116
60
118
256
311
319
177
148
80
112
98
191
189
49
211
61
53
47
196
110
198
246
165
38
108
146
134
757
318
292
372
312
207
255
290
28
55
31
352
220
438
466
101
61
35
48
29
27
35
31
55
46
39
60
25
109
53
159
211
294
47
128
156
149
156
64
89
214
259
263
496
272
164
258
48
134
66
90
259
89
89
131
100
165
253
331
116
496
86
64
120
352
94
26
25
250
90
405
280
270
65
91
90
91
136
118
107
84
141
156
107
179
161
133
178
214
35
209
389
175
184
152
197
28
62
84
245
60
78
64
43
142
247
111
228
34
91
202
254
56
27
55
290
221
468
358
343
101
156
49
199
714
231
53
65
47
48
47
73
51
66
48
63
64
213
219
25
54
180
79
93
34
80
120
354
96
316
202
69
40
89
297
232
81
555
485
113
79
137
133
53
75
49
81
99
28
46
141
635
205
266
313
226
316
279
25
278
139
19
23
402
220
254
258
323
227
242
43
32
28
41
62
77
186
127
112
364
158
84
37
40
36
300
117
373
411
447
401
306
354
92
82
166
72
62
65
81
68
92
261
148
252
139
112
96
291
572
326
237
77
49
47
54
62
66
59
54
203
164
225
41
422
425
37
49
41
67
27
42
46
46
483
364
35
41
33
64
91
44
190
446
65
40
64
79
63
217
145
384
196
36
542
214
238
232
197
32
25
44
37
33
81
71
67
57
199
350
139
45
61
36
20
57
57
67
62
76
49
32
40
24
73
38
34
53
65
109
132
16
17
20
15
18
21
22
21
18
17
24
59
36
280
592
63
74
27
48
60
53
68
62
214
244
154
332
126
181
192
61
86
105
219
376
80
80
62
99
611
510
279
97
30
41
44
49
256
216
394
251
362
297
48
173
163
133
52
42
40
166
96
247
251
239
233
256
244
245
104
42
88
86
134
190
190
103
59
270
103
106
50
289
289
482
100
210
71
353
26
138
50
395
121
27
191
219
204
223
271
147
46
201
60
41
42
143
65
94
51
82
326
338
60
66
75
62
397
55
46
47
49
75
64
61
315
170
68
72
82
82
140
172
187
198
540
242
308
585
300
272
95
235
259
433
108
151
161
217
226
152
225
55
47
36
44
32
31
168
144
122
36
289
297
302
24
107
100
121
209
239
228
119
212
60
174
117
89
121
73
77
39
126
298
256
328
45
52
48
47
50
192
233
32
265
39
49
101
308
61
62
69
126
274
255
219
192
147
142
64
124
340
240
162
230
131
215
182
44
41
59
59
47
49
52
46
349
429
172
95
181
426
154
445
32
95
252
38
301
186
54
42
385
195
496
331
332
196
173
231
108
147
253
322
211
31
45
138
274
296
219
171
94
229
146
177
207
43
48
58
180
136
96
167
120
251
76
72
35
70
89
79
59
119
71
104
96
190
134
195
37
159
71
185
172
125
444
487
376
383
464
179
62
238
169
93
144
376
350
78
206
403
84
165
162
102
58
255
38
152
174
78
374
46
37
37
43
22
49
116
190
89
79
59
293
197
148
117
124
137
91
130
134
116
77
42
62
63
52
68
51
79
54
226
518
76
81
181
211
166
184
254
421
230
324
151
180
119
73
39
26
33
27
219
73
61
143
130
171
291
334
236
141
47
40
67
146
55
166
46
162
85
127
129
85
41
58
87
249
194
202
104
358
113
109
140
155
72
109
72
46
47
49
61
185
101
72
215
121
132
25
56
38
232
238
216
68
27
139
75
274
83
72
76
43
41
43
34
47
50
44
254
179
107
30
39
203
173
59
146
267
69
389
366
401
356
46
194
116
176
60
134
52
110
347
290
99
40
61
208
265
305
149
184
144
149
296
224
218
67
64
213
198
388
324
23
174
253
81
51
42
36
40
28
112
48
83
79
104
226
71
296
137
211
90
113
25
362
228
471
302
129
110
176
157
52
40
72
25
218
189
258
306
57
96
99
172
145
263
189
177
56
139
32
247
154
603
377
304
120
38
496
25
34
271
22
325
281
28
277
48
66
291
66
222
68
52
72
184
52
48
48
53
83
262
145
491
205
330
662
66
146
386
315
93
83
62
213
201
58
49
75
235
392
257
433
526
204
160
628
322
51
42
128
97
47
82
306
32
41
24
121
63
47
106
117
125
80
37
143
50
41
117
250
51
101
214
63
99
74
70
98
105
389
91
80
375
296
56
78
75
44
40
159
116
227
62
61
52
46
51
54
58
49
242
556
312
46
183
98
167
315
122
209
111
54
42
241
417
264
282
382
127
42
26
242
53
142
121
184
147
36
157
183
142
569
221
487
214
62
81
59
59
162
312
98
360
67
61
46
68
289
295
438
94
33
38
30
162
78
66
48
170
133
170
263
172
168
193
100
41
72
178
44
36
50
163
22
15
19
47
27
27
29
124
17
19
20
28
40
129
148
31
103
316
42
45
67
55
60
46
67
43
60
228
134
261
27
74
94
46
232
150
270
376
90
248
139
231
55
74
206
43
327
422
171
248
286
208
234
30
227
128
62
94
38
118
83
222
112
113
57
181
28
39
103
70
66
70
200
247
169
162
179
74
165
107
143
108
39
49
115
64
19
179
180
189
255
25
72
123
65
66
35
108
281
264
237
240
74
39
118
76
280
299
232
117
329
40
334
213
253
248
187
142
20
25
40
25
39
28
32
47
76
56
164
69
283
342
188
329
218
199
247
48
81
146
127
107
156
54
145
52
316
468
552
567
63
49
55
61
58
57
69
50
240
230
154
169
175
50
213
289
62
42
193
137
39
38
74
29
249
336
20
24
203
125
50
59
115
125
374
248
354
85
71
76
194
181
207
178
162
99
232
222
91
52
50
106
91
59
270
28
416
50
26
75
64
62
63
41
88
148
61
17
74
53
35
24
36
38
37
27
58
500
309
194
56
82
47
229
168
310
291
235
138
223
207
141
293
140
172
104
58
110
172
160
251
33
56
83
62
33
223
58
60
79
88
299
479
582
453
62
190
328
624
176
76
39
56
47
28
60
40
93
55
48
90
170
64
64
170
952
63
39
50
52
53
50
51
40
275
53
354
94
81
87
94
127
26
146
135
373
349
154
108
267
89
144
136
181
324
338
157
208
40
65
56
83
110
307
128
55
21
172
26
191
380
368
264
238
585
200
222
179
218
259
225
83
235
195
56
59
63
61
73
54
53
56
29
62
56
82
77
62
166
68
43
72
57
171
101
470
241
98
95
228
46
136
42
78
45
50
37
58
146
314
170
84
32
125
39
44
32
49
232
24
54
96
61
62
45
293
284
481
159
132
197
86
121
113
109
91
271
225
289
220
273
165
213
52
25
41
58
38
207
141
175
76
471
385
276
203
118
67
174
243
92
83
69
59
152
156
218
466
49
101
248
79
142
148
131
106
123
66
108
95
50
118
121
200
46
31
27
130
170
219
161
205
143
209
332
354
84
86
60
90
247
292
300
159
266
106
94
43
138
109
71
396
328
44
91
81
133
180
244
7
29
27
47
48
57
28
58
34
43
56
55
53
22
40
138
139
253
110
102
125
36
91
199
255
86
28
180
35
65
128
365
169
148
223
160
64
29
261
136
206
117
22
60
71
65
92
133
257
295
85
61
70
212
40
61
163
253
116
121
55
31
25
47
57
162
407
168
276
71
134
164
130
294
270
47
225
120
189
238
59
363
335
343
34
38
53
52
69
57
50
59
59
59
39
210
48
48
25
26
456
171
191
351
275
263
49
223
387
95
125
110
70
120
207
88
45
51
39
79
350
580
256
591
547
22
202
23
380
52
27
82
96
25
213
60
170
467
399
463
316
223
41
113
62
41
97
169
68
54
162
420
321
306
185
124
118
91
112
159
177
73
489
228
320
149
100
126
89
63
139
62
410
150
65
173
55
63
72
63
54
99
112
116
123
38
54
38
276
72
183
448
272
313
246
56
43
75
51
63
183
473
49
55
45
82
169
827
234
187
409
253
63
181
179
53
239
378
219
178
40
61
247
41
289
98
400
345
61
80
396
267
347
75
56
77
54
55
51
56
59
405
44
234
61
61
213
177
270
220
378
449
244
32
30
182
133
105
105
108
27
225
42
85
195
150
34
126
189
33
318
69
76
81
61
59
46
53
60
58
54
58
255
211
304
545
43
102
182
207
218
122
131
93
251
620
269
107
418
46
60
38
85
23
37
85
128
154
103
205
126
214
246
200
31
44
88
64
133
269
242
155
156
41
193
105
60
193
32
33
42
27
34
39
204
135
170
15
16
19
17
28
19
20
18
29
17
20
88
22
26
29
125
301
243
180
61
64
118
69
66
232
46
205
180
88
151
169
86
51
71
236
192
38
63
73
70
437
30
234
20
54
340
57
39
62
152
49
64
61
70
66
48
43
273
30
50
71
92
81
57
274
117
36
38
51
260
53
54
318
46
57
112
131
109
118
233
262
215
184
84
107
23
249
261
184
162
81
219
59
149
37
196
110
181
86
202
27
34
30
139
265
80
63
111
187
116
271
331
82
50
46
216
288
246
60
44
299
131
211
76
87
78
23
120
216
250
444
125
271
312
124
245
112
89
67
72
67
185
135
548
266
85
154
37
114
49
163
50
42
201
180
123
181
54
37
37
17
99
100
36
57
49
36
60
63
285
132
169
34
48
52
59
32
159
48
59
85
65
72
101
323
244
341
275
122
200
256
159
99
190
109
86
142
55
149
260
65
52
157
219
40
178
296
289
35
135
203
53
80
237
301
263
146
299
325
141
77
35
319
56
67
60
251
44
37
34
44
229
56
22
34
171
142
249
254
197
226
48
262
62
86
105
177
240
234
163
147
62
354
170
139
172
76
104
95
161
32
34
75
46
32
115
239
224
274
255
236
220
226
276
29
45
57
40
58
33
34
77
130
33
36
42
165
108
96
260
172
63
60
76
76
50
55
61
40
470
338
193
523
213
255
324
181
205
177
145
233
188
244
165
167
117
34
54
56
221
52
167
141
416
148
118
64
67
96
53
128
292
202
191
41
57
165
45
172
164
106
27
44
318
266
255
60
53
51
57
130
257
100
145
239
248
184
261
190
414
138
126
157
46
155
256
64
148
54
93
57
83
215
197
315
434
168
319
94
82
27
65
235
259
236
217
233
112
72
151
207
191
97
41
99
82
271
159
242
279
224
28
31
254
161
317
150
125
214
163
63
77
357
449
269
344
245
266
51
238
81
263
79
145
189
240
105
298
189
78
180
132
30
59
44
49
48
93
77
65
192
235
170
186
124
52
122
112
130
166
332
148
243
227
178
224
166
110
221
59
70
62
220
126
38
162
54
42
69
28
221
211
37
41
71
69
42
101
244
220
38
132
224
157
111
117
258
94
89
65
28
136
293
290
45
26
128
86
75
173
74
204
34
196
40
30
32
32
102
102
28
48
543
216
480
342
60
66
36
29
51
80
56
66
52
58
366
440
538
149
247
17
49
225
31
47
24
225
161
285
233
244
82
168
337
311
117
228
166
99
27
65
234
23
54
118
203
29
186
210
24
184
19
214
22
49
276
1111
493
226
50
269
92
184
199
23
96
25
194
37
41
95
246
174
81
215
229
411
149
36
479
399
432
129
272
235
385
50
55
94
81
79
56
52
47
49
57
54
41
53
215
288
990
426
68
181
194
199
88
363
55
56
33
48
315
231
240
111
50
265
50
72
246
198
92
31
28
40
64
272
208
29
427
89
98
63
528
308
401
51
61
39
47
41
51
71
308
29
149
189
67
353
201
233
456
235
250
289
293
38
47
63
53
68
78
58
49
50
46
64
96
139
194
228
363
238
72
67
24
63
48
221
162
94
109
231
166
352
203
50
98
66
72
156
19
257
235
40
56
302
75
69
349
91
50
75
92
285
210
307
267
124
112
118
51
53
41
67
65
103
199
169
122
398
167
22
37
133
85
16
88
244
29
57
53
73
245
329
323
326
326
199
254
256
313
196
246
128
69
229
194
127
204
213
202
239
60
81
92
99
153
68
153
54
89
89
67
158
29
35
161
34
249
42
148
57
156
268
112
160
65
72
73
22
136
132
217
235
277
207
38
132
117
195
121
189
48
248
338
77
251
65
87
73
174
245
165
108
172
53
212
219
52
37
267
113
116
312
331
233
54
51
64
42
50
51
59
69
48
55
68
58
259
175
334
269
138
30
161
340
33
153
87
100
45
300
106
29
251
253
283
273
32
26
69
58
139
101
75
105
36
44
185
223
312
93
85
49
253
121
178
166
194
282
421
134
124
258
300
157
51
119
210
197
195
47
76
23
24
226
152
138
80
27
26
36
212
57
55
64
71
183
377
238
236
257
208
130
133
131
143
105
345
244
212
35
212
86
309
282
224
192
146
101
58
83
67
236
75
67
55
57
42
53
62
55
54
76
182
130
66
72
59
46
130
111
155
112
407
242
203
240
74
112
42
68
277
195
298
57
49
39
46
40
25
145
166
128
586
344
299
155
25
106
108
45
193
192
264
253
270
90
219
143
220
324
234
383
165
405
28
233
28
136
227
94
200
274
38
73
105
28
36
41
112
336
122
31
147
111
215
55
69
56
65
62
371
71
37
122
137
98
102
124
199
94
229
186
164
279
459
320
259
425
282
425
158
45
37
457
277
340
45
119
40
180
179
71
207
213
28
33
37
109
237
324
141
87
121
62
111
207
23
67
97
334
238
125
382
179
49
55
239
113
63
293
146
206
32
54
33
44
22
31
276
108
274
43
59
62
45
65
73
42
70
95
172
76
54
97
52
101
39
124
128
260
93
93
53
100
112
81
80
77
49
47
96
358
114
103
160
33
90
266
281
321
292
240
178
58
198
294
103
281
126
160
51
160
37
47
49
30
57
208
367
138
307
201
29
245
211
83
174
225
195
478
236
316
58
185
40
32
40
46
32
73
85
40
38
31
40
28
271
64
97
101
199
105
39
47
301
172
143
203
296
265
48
53
38
129
29
117
161
39
63
121
25
154
172
121
86
71
98
151
161
348
237
267
41
32
66
32
220
39
79
90
202
52
152
106
29
139
334
125
44
23
16
73
41
75
65
197
118
225
105
45
130
113
136
296
112
146
268
118
247
282
374
477
197
97
313
111
110
466
118
77
52
43
49
31
65
57
62
42
46
60
84
56
101
32
27
42
97
22
181
403
357
240
543
229
62
224
85
78
123
61
71
67
167
393
279
641
341
256
330
273
57
142
27
23
280
296
130
103
96
52
185
20
346
361
181
99
471
470
257
582
80
44
37
138
238
284
75
43
47
19
233
136
85
298
115
308
69
32
444
297
80
31
577
388
29
221
96
26
29
38
47
59
62
61
104
118
59
142
183
65
74
62
73
45
37
61
230
260
382
251
131
95
94
56
266
149
421
36
497
494
435
400
241
281
34
203
71
255
146
487
31
335
48
299
77
54
402
64
138
28
67
49
31
73
197
326
335
302
95
133
39
176
205
201
232
239
33
325
292
336
207
266
266
40
343
272
368
52
42
432
50
49
63
23
350
27
140
58
387
26
62
134
256
23
47
38
30
89
212
90
171
30
162
154
139
181
181
130
22
352
108
105
155
21
31
16
17
14
13
23
47
56
57
58
59
168
55
54
59
61
73
76
46
62
74
73
71
86
221
105
77
163
243
193
84
93
47
88
35
25
579
339
235
269
164
33
173
230
311
66
126
141
247
103
212
126
23
19
194
37
148
75
40
208
113
99
175
20
429
23
59
313
213
160
292
194
39
40
53
65
212
105
68
95
99
198
91
310
156
65
129
30
340
29
25
186
169
16
289
208
208
237
231
39
62
208
186
163
389
242
122
239
267
144
71
144
150
159
46
23
31
36
35
47
287
36
394
64
73
64
51
54
64
66
195
61
50
56
51
49
69
49
47
38
264
260
295
502
226
155
189
52
86
40
327
45
172
224
40
43
489
329
166
195
107
78
65
245
377
169
411
278
28
73
24
55
437
34
170
454
268
243
201
107
37
126
111
34
144
242
105
58
55
46
52
30
39
30
62
130
71
271
174
272
34
238
90
69
87
169
156
99
266
109
98
233
57
154
21
30
24
56
59
62
53
222
314
283
195
110
198
212
61
117
61
392
218
310
51
135
356
364
378
253
204
118
103
95
232
116
293
131
180
152
71
26
274
223
381
155
71
63
66
162
116
114
35
172
45
64
57
45
57
53
53
119
58
98
302
137
51
83
198
58
134
112
251
190
36
70
40
230
183
153
52
54
40
30
71
269
105
55
188
202
104
157
320
346
17
268
337
254
256
91
25
58
28
115
185
215
58
147
166
115
150
173
77
72
108
59
151
56
90
201
123
128
186
238
183
120
40
30
31
320
295
49
47
54
44
175
169
186
201
230
95
124
123
108
129
91
119
130
126
97
119
421
427
253
269
58
48
58
53
55
48
58
60
225
265
128
211
258
90
176
209
91
339
300
207
184
107
77
53
85
219
39
35
21
36
43
28
32
31
45
40
170
355
284
196
164
157
75
65
107
171
251
169
47
49
48
55
265
156
147
161
70
82
303
187
216
183
50
39
163
30
172
325
89
200
194
193
309
197
31
27
39
62
25
41
49
51
197
104
83
103
288
90
102
78
234
338
200
145
219
180
232
231
243
264
233
228
207
86
45
47
234
225
295
88
222
126
78
51
146
35
77
92
46
312
362
29
191
25
44
62
27
27
30
46
38
115
167
36
35
203
115
523
269
291
226
111
81
85
163
255
61
311
88
150
161
122
170
73
77
188
173
26
344
216
223
63
39
147
199
81
237
148
158
266
311
145
153
319
26
177
32
52
36
78
120
54
144
44
145
31
102
44
246
198
204
181
162
45
57
47
121
52
35
18
237
181
173
66
77
77
163
214
178
126
56
31
35
101
53
149
110
62
162
112
30
33
31
237
197
64
94
158
188
282
39
20
278
63
68
109
41
44
27
252
555
156
67
211
47
68
154
65
95
176
41
82
106
26
325
203
197
254
355
24
249
186
250
376
316
256
388
59
50
66
61
53
50
50
395
250
63
197
91
76
378
57
59
469
173
82
76
46
136
25
283
249
160
225
149
78
90
131
118
355
137
128
53
41
42
50
324
235
43
54
586
476
219
209
218
82
105
157
84
243
356
204
55
240
69
137
399
63
50
48
50
74
71
55
47
628
380
419
374
365
160
70
456
75
110
308
402
186
67
44
38
276
188
125
337
26
80
37
56
272
124
133
57
244
169
430
164
71
78
215
681
49
38
64
32
125
282
244
440
279
71
87
72
44
58
73
99
107
54
309
279
139
236
199
23
127
72
55
43
60
681
259
445
46
79
65
94
332
68
270
105
136
161
73
110
133
92
50
62
51
133
565
428
436
501
219
136
139
495
100
282
133
104
200
496
386
370
95
273
207
41
414
225
181
25
45
95
124
48
53
60
64
55
61
45
59
99
96
129
163
30
91
38
14
421
296
179
382
206
227
190
47
30
346
201
49
56
46
45
39
29
22
21
165
417
267
66
103
37
43
37
214
291
57
25
112
23
172
335
238
31
34
346
134
146
109
72
75
125
81
173
50
139
58
37
14
33
66
159
61
82
127
146
141
301
164
169
48
122
62
61
70
32
338
504
243
410
159
166
288
160
196
242
194
28
63
33
208
235
122
508
29
64
57
32
28
40
48
56
74
53
71
61
58
55
159
159
69
84
76
90
53
208
122
126
38
53
28
22
352
343
47
54
72
265
301
246
290
72
72
72
64
207
152
132
134
207
107
203
57
170
133
78
122
219
242
267
43
49
244
195
114
187
203
237
143
74
70
113
223
368
449
271
442
293
230
247
173
177
204
196
185
262
260
112
190
140
284
192
75
203
71
87
43
176
240
203
38
206
110
128
230
55
81
388
162
173
274
115
124
130
71
49
110
55
303
332
345
46
49
49
58
63
63
62
205
71
30
152
214
228
63
75
72
77
375
443
273
202
333
174
82
310
31
47
285
37
34
57
39
48
168
156
153
96
49
66
56
58
219
23
37
102
129
45
41
34
29
282
36
221
47
117
66
108
104
221
277
196
51
55
99
73
153
351
156
188
73
255
28
56
249
213
124
80
21
231
119
121
254
88
43
26
59
36
68
69
105
102
183
146
127
120
231
88
214
182
237
134
87
51
52
143
37
41
25
43
263
91
88
98
85
35
34
68
45
379
43
148
298
67
61
55
53
42
43
57
48
409
283
54
146
51
52
87
65
113
80
159
134
248
248
321
477
272
175
193
146
250
321
73
318
174
174
112
203
198
101
401
44
48
105
168
42
73
40
88
25
118
111
291
134
238
98
86
55
138
105
108
116
154
135
87
104
80
125
86
182
51
62
49
195
161
360
345
290
212
29
255
272
182
114
21
64
21
26
31
65
108
268
240
119
119
114
206
296
261
190
106
28
28
26
55
56
86
41
139
392
176
225
278
78
75
81
25
221
321
42
48
92
53
131
27
30
35
59
41
456
227
391
357
307
328
230
181
44
129
105
177
344
224
65
187
108
21
129
130
224
338
215
229
268
58
185
137
20
54
86
142
29
259
42
145
318
213
209
127
149
167
152
98
115
116
16
171
76
66
63
149
104
48
61
52
99
175
105
465
403
237
256
93
74
59
61
49
61
62
56
41
27
30
393
589
224
311
653
428
421
544
49
59
30
253
22
36
45
39
116
47
51
300
38
369
86
101
264
29
283
241
151
294
158
192
211
27
307
187
166
272
93
154
165
123
181
62
84
72
142
94
35
230
322
351
258
226
222
142
78
38
162
189
74
232
99
37
38
34
39
84
34
92
138
163
57
146
116
160
196
40
483
285
466
60
162
51
289
167
47
568
204
491
660
51
67
59
173
64
57
155
53
250
570
26
292
306
458
48
54
34
34
232
181
76
92
168
22
71
84
199
303
259
56
58
75
57
95
179
98
111
103
474
237
386
356
176
175
56
56
325
385
140
41
592
336
251
220
61
45
68
51
67
145
165
248
118
416
228
236
57
60
43
225
149
38
83
261
272
51
71
31
255
272
345
40
37
205
162
119
56
53
79
385
122
19
20
18
17
17
17
19
19
149
14
16
19
325
59
29
136
282
255
176
280
348
273
229
62
151
54
48
39
24
17
17
62
483
161
117
52
65
50
61
32
53
50
55
175
522
337
209
222
182
202
151
80
110
82
47
214
100
46
68
99
36
21
249
218
245
93
69
109
86
74
49
60
89
83
44
193
156
138
169
182
362
385
347
248
201
39
73
88
44
62
35
58
173
112
59
73
86
86
141
23
100
140
135
347
235
244
216
302
75
229
143
137
