111
39
35
35
16
37
34
27
29
52
22
31
54
39
54
10
33
19
28
71
110
89
106
11
27
41
27
38
125
31
23
139
115
134
151
39
58
98
106
60
30
27
46
24
36
93
39
40
37
27
51
62
65
31
165
33
32
40
39
16
12
38
42
44
39
39
37
24
38
39
34
37
65
11
26
25
45
54
58
10
44
61
104
30
40
61
70
66
55
47
7
49
82
18
93
40
39
33
42
32
25
87
54
48
37
68
42
67
76
161
21
23
48
68
35
32
16
33
67
82
85
95
27
42
23
56
44
31
37
31
49
57
83
60
47
13
66
27
15
50
70
98
60
24
50
30
50
7
15
31
125
35
167
205
6
7
33
34
37
33
75
69
32
68
44
78
65
28
11
19
12
38
53
88
41
49
10
43
28
22
7
20
36
9
141
25
36
106
38
177
94
74
33
32
122
28
52
39
50
45
24
30
72
26
64
27
82
83
49
51
24
78
69
32
65
9
38
31
55
12
50
63
7
34
33
49
54
48
161
52
63
96
51
29
67
9
49
71
21
36
50
51
28
59
25
40
32
27
109
35
11
24
23
30
35
27
30
35
70
68
51
118
109
77
10
8
37
10
29
8
42
33
24
59
39
34
49
59
37
14
24
66
26
60
100
138
32
28
157
70
54
32
38
20
36
30
63
73
89
64
66
61
122
44
36
253
122
30
28
86
37
68
11
22
39
8
8
42
41
5
51
44
42
62
44
47
44
43
35
46
58
41
181
81
30
44
55
132
33
45
42
40
40
91
29
34
69
45
33
29
44
23
35
81
62
27
27
104
31
76
130
62
24
23
24
34
46
85
24
21
43
76
106
30
24
19
45
130
50
26
94
26
46
24
59
100
19
26
68
26
32
9
75
106
8
29
13
30
46
23
7
54
29
29
20
31
77
18
21
24
30
30
26
54
7
33
79
39
9
10
18
25
36
27
28
31
29
55
61
77
19
15
37
34
33
28
34
30
8
24
75
8
31
123
43
94
41
67
124
59
60
33
82
83
31
21
29
23
41
21
28
48
51
123
87
35
129
154
33
86
23
68
41
108
54
7
47
10
39
42
85
37
40
26
65
50
82
24
40
173
37
31
99
59
64
129
48
34
61
7
40
45
6
45
41
39
56
68
9
30
6
56
35
116
29
49
40
107
39
70
30
78
33
55
27
210
31
27
29
77
110
58
24
138
28
18
24
47
36
109
25
45
56
55
78
63
30
62
30
33
131
36
32
38
37
114
149
11
9
92
28
26
58
30
34
104
36
23
59
61
86
47
25
33
106
71
78
71
60
44
9
28
8
9
33
155
7
24
29
27
127
58
33
14
47
74
34
33
37
7
32
47
50
8
33
32
88
27
35
150
35
71
45
154
19
66
21
59
22
32
8
38
38
24
26
69
34
79
22
31
22
45
38
38
62
40
48
29
37
62
56
62
101
41
9
18
34
31
42
46
57
46
52
67
107
130
50
39
69
105
32
68
41
6
37
61
24
31
29
113
59
64
46
47
83
9
139
19
40
51
81
30
41
49
94
7
153
84
191
28
49
25
85
67
35
221
21
34
96
71
221
31
85
106
153
46
29
61
68
56
22
39
81
34
107
40
36
27
65
106
163
42
37
29
32
46
46
34
26
52
14
54
30
43
70
7
45
33
44
34
36
7
42
30
40
34
64
41
171
66
31
64
81
102
156
81
24
25
121
24
49
63
35
60
67
26
69
109
89
21
17
35
21
37
43
44
61
58
104
89
35
86
37
135
159
34
60
44
72
106
52
67
48
98
6
70
33
75
113
75
62
84
47
108
29
29
7
18
86
41
56
52
74
7
61
38
55
104
31
8
49
58
18
43
55
9
56
27
35
42
37
38
71
38
58
10
47
76
158
53
31
42
50
140
42
52
97
32
30
36
9
46
179
258
57
28
38
46
39
104
169
26
103
74
56
22
43
57
36
44
77
6
27
157
56
101
48
23
14
44
32
41
11
28
19
91
64
49
41
80
23
44
27
53
53
24
57
30
222
68
44
87
152
45
128
153
55
94
30
40
56
54
63
9
43
26
124
24
91
68
10
22
74
46
147
117
42
73
132
54
76
165
41
29
6
7
6
32
52
60
74
24
91
52
78
39
61
74
67
5
48
63
59
203
51
41
31
23
7
35
36
63
15
48
24
59
63
38
55
66
43
50
33
106
43
32
8
118
80
29
106
8
12
40
119
7
31
32
35
32
90
33
57
144
86
153
43
128
179
150
64
178
52
86
27
79
69
40
103
18
61
111
80
75
28
35
76
51
46
81
65
103
64
21
150
40
37
130
37
36
31
53
34
20
42
29
7
52
55
44
83
11
49
88
38
96
140
93
85
7
56
84
40
71
70
60
34
26
113
43
54
93
42
43
82
42
33
52
42
105
30
28
48
64
34
88
27
64
58
46
41
79
67
7
89
49
16
58
44
61
78
47
55
46
69
59
196
35
59
147
22
7
28
31
24
29
25
79
7
124
67
94
41
17
20
14
38
31
33
27
34
54
62
50
28
22
31
158
30
63
49
87
83
18
74
34
62
10
52
34
14
57
27
21
26
31
38
39
151
96
55
15
163
28
111
16
100
38
40
90
76
86
48
54
7
96
45
76
119
34
168
68
57
34
41
38
67
131
18
8
10
98
139
62
41
61
26
80
77
26
41
103
29
37
23
60
18
87
12
37
30
30
37
43
40
49
12
155
85
47
17
75
138
27
78
85
36
63
62
122
28
66
36
20
74
31
155
26
39
31
20
36
21
52
40
114
73
32
14
22
140
92
32
33
69
7
33
66
7
59
78
21
59
51
134
56
122
37
69
27
101
46
41
64
18
154
18
30
40
18
42
102
106
78
80
66
41
27
21
50
113
73
42
29
27
80
54
92
33
82
44
42
25
174
115
21
43
130
39
32
39
46
23
29
157
42
84
39
110
82
7
67
18
35
35
34
14
59
13
46
29
51
32
27
21
35
120
45
70
29
52
109
96
6
67
6
26
20
46
50
26
27
39
326
22
63
16
39
92
36
41
94
45
36
124
44
62
102
16
53
50
37
55
66
38
64
61
20
9
60
40
41
33
27
41
94
34
45
63
41
62
62
32
42
61
7
6
5
5
6
6
43
31
40
32
77
52
30
30
29
27
7
47
35
18
9
109
15
182
96
19
22
46
17
80
27
52
31
114
25
61
51
92
33
61
26
82
47
30
47
28
29
70
54
13
33
31
31
17
179
23
9
47
177
14
24
24
21
43
217
47
110
33
21
24
41
27
41
161
168
15
18
43
62
43
18
67
8
20
41
32
9
19
25
9
25
30
105
19
159
26
27
8
162
23
30
67
55
10
26
40
106
86
45
41
33
33
40
26
78
33
17
43
29
21
58
25
26
70
20
25
22
40
31
41
38
47
41
31
70
71
82
58
62
127
79
35
101
17
63
48
17
18
42
85
45
22
94
32
54
55
132
14
27
51
25
59
16
128
33
47
48
51
24
19
121
32
34
28
27
165
22
9
96
26
59
27
66
26
32
26
129
38
59
22
33
25
18
77
120
119
48
60
11
23
70
23
55
30
30
58
171
38
22
55
26
60
11
26
33
16
43
33
95
21
35
34
18
23
28
25
23
26
9
70
61
10
69
93
43
78
61
39
24
40
34
29
112
58
15
32
38
15
39
27
35
37
44
15
4
9
98
152
37
7
40
15
21
22
16
36
137
7
31
16
13
63
