35
9
64
17
18
8
8
9
29
33
8
9
9
33
24
20
25
28
86
22
23
27
149
29
152
199
45
21
61
26
84
104
22
143
60
29
8
30
36
35
39
45
39
49
11
31
24
178
80
40
31
17
30
41
6
25
100
8
31
151
59
31
32
32
130
22
91
11
74
19
10
11
81
33
48
20
192
81
20
78
31
81
11
23
108
8
70
60
15
27
80
34
10
49
19
9
10
7
42
38
34
52
28
31
64
6
25
21
26
14
32
84
6
62
82
58
105
24
37
85
113
45
16
106
68
24
38
50
125
110
32
133
75
84
53
19
140
38
120
34
50
69
32
18
37
34
36
21
25
164
37
22
83
67
24
47
67
148
10
223
49
22
102
21
34
26
10
58
26
30
69
148
7
71
31
6
8
70
173
193
134
102
58
8
7
136
164
5
88
9
62
109
8
8
32
8
10
23
38
57
18
32
35
167
20
25
26
42
173
61
7
23
25
6
25
63
121
115
178
9
50
68
44
25
23
32
8
19
133
24
108
30
148
13
32
28
31
51
32
31
37
8
30
150
161
128
115
30
27
11
9
160
18
54
50
11
106
7
6
17
51
24
125
30
51
37
37
39
8
89
6
25
73
28
28
57
81
58
19
128
111
61
69
24
72
88
29
5
36
115
7
134
45
40
54
45
202
7
71
25
58
31
34
170
90
6
134
87
58
97
25
71
60
64
27
190
155
72
30
99
54
42
25
138
9
27
84
8
28
39
25
44
19
27
14
23
20
25
24
6
25
198
44
54
50
32
18
71
23
127
60
122
171
100
72
22
32
50
54
9
47
34
18
40
18
18
163
57
7
18
31
32
6
55
105
165
42
40
56
21
18
30
68
30
160
7
85
25
18
16
7
9
7
35
5
7
7
7
10
7
8
65
8
8
28
10
9
8
31
135
121
61
78
68
152
38
188
31
59
43
31
8
27
30
40
8
23
36
7
44
27
31
7
13
44
43
38
40
35
24
7
79
7
16
8
75
29
16
191
31
39
47
25
53
20
5
9
49
193
27
27
27
98
8
20
40
224
121
59
20
59
141
182
88
75
59
63
104
92
24
27
169
8
31
140
20
25
34
27
40
28
28
103
23
18
24
23
82
16
12
47
10
48
22
21
119
36
26
85
56
59
118
61
193
230
35
84
10
16
52
7
211
7
32
52
165
38
144
6
23
52
67
109
67
7
6
10
94
30
48
123
84
193
120
64
62
82
104
11
66
33
9
76
191
96
17
25
25
119
10
25
9
6
71
34
62
34
10
34
50
34
8
22
73
37
7
49
46
115
191
16
132
7
29
109
9
42
28
8
97
16
70
60
90
7
7
228
30
35
73
6
25
36
62
106
86
171
79
7
28
179
56
148
35
102
163
62
9
5
7
7
45
23
47
34
21
6
6
25
200
107
9
8
151
48
28
26
28
81
33
34
35
179
36
38
93
89
17
166
39
36
17
112
40
36
30
46
24
109
136
8
47
62
14
29
71
22
100
26
34
57
15
35
33
26
8
13
7
9
9
86
50
50
64
12
24
51
21
92
122
106
24
23
26
25
16
15
9
26
236
30
33
8
7
26
27
69
77
62
159
34
7
119
70
8
8
28
8
10
72
27
25
27
34
76
184
71
25
69
80
37
7
17
25
38
5
32
29
8
9
62
32
17
42
8
13
24
50
50
42
25
71
160
78
69
7
39
97
24
69
62
21
100
25
15
7
107
25
67
89
89
9
26
56
125
83
8
20
116
121
55
42
130
139
204
54
35
119
62
27
36
90
200
28
94
8
26
35
38
86
62
64
55
61
34
54
62
24
43
7
10
35
119
82
37
23
139
23
25
16
34
52
49
25
151
39
31
6
24
7
25
33
15
26
33
60
35
144
83
7
79
7
7
40
9
26
91
64
108
72
94
4
63
73
167
23
34
89
39
74
38
26
63
55
91
94
167
89
41
68
8
38
73
73
23
55
32
16
32
4
44
63
168
69
72
18
22
40
205
116
15
132
34
27
69
154
6
46
26
76
7
63
54
24
92
193
35
6
121
77
57
109
24
15
7
26
7
28
8
6
23
90
25
7
72
19
106
9
28
17
52
197
24
28
68
55
42
107
26
72
15
19
90
52
51
13
6
33
84
19
7
86
36
9
101
48
24
8
30
38
86
6
85
53
8
43
29
55
88
54
23
44
8
106
31
7
7
25
97
70
38
67
7
24
64
9
28
9
8
91
51
41
95
189
9
8
79
62
38
13
34
167
20
47
92
88
8
21
31
52
48
9
23
25
31
79
43
200
43
9
6
24
10
7
92
66
16
51
54
97
41
116
8
63
6
24
190
23
51
45
6
8
62
118
58
94
8
8
28
18
8
10
9
23
54
59
121
139
154
9
48
16
7
91
60
198
7
9
44
32
8
7
45
33
23
33
6
6
62
97
191
70
60
37
191
22
39
49
34
10
33
7
6
25
169
40
20
80
7
66
7
95
27
29
211
26
27
25
47
61
90
56
90
41
9
27
92
94
166
76
63
159
24
83
22
48
35
135
115
6
8
6
8
31
5
7
52
44
65
62
8
9
60
234
133
86
99
21
34
65
20
6
80
42
48
32
44
44
37
18
33
30
60
42
81
52
41
234
80
65
136
229
62
35
20
81
86
44
130
36
52
6
25
164
26
123
23
96
205
37
7
33
7
54
26
51
138
18
27
15
25
190
30
116
92
30
57
166
25
20
129
30
50
81
20
8
70
74
28
11
48
17
69
80
49
34
38
60
122
86
32
36
59
33
6
53
86
8
7
6
25
48
23
90
28
31
39
150
10
135
82
27
28
4
56
39
72
79
19
38
5
31
7
136
166
207
6
32
46
7
105
36
29
39
43
26
56
104
86
16
56
39
69
16
135
20
22
7
24
19
15
7
13
17
11
39
82
11
24
8
15
17
7
31
17
51
21
79
17
28
10
9
57
14
11
67
27
7
21
66
13
11
12
6
22
10
8
17
15
14
71
14
130
90
34
58
9
43
74
29
34
60
54
67
64
8
53
31
165
30
5
21
92
91
24
68
34
22
21
86
92
26
12
25
8
28
25
12
9
11
15
19
34
38
6
59
45
17
59
5
17
5
29
72
34
60
30
36
17
45
27
68
43
11
84
19
143
25
19
8
179
26
15
175
8
83
23
39
17
36
82
26
224
63
11
17
16
34
14
15
17
34
80
22
48
9
50
28
75
79
177
166
20
8
41
145
28
18
20
7
31
17
38
68
170
61
25
75
215
29
45
39
9
38
33
8
24
11
20
18
9
19
46
155
38
23
27
36
112
26
5
7
7
6
57
8
78
121
77
168
29
65
31
31
27
6
43
87
5
29
114
55
7
95
26
35
24
21
15
68
103
143
24
15
