72
59
105
257
44
156
190
112
187
292
285
191
194
230
130
322
186
148
142
148
122
29
104
299
204
68
67
186
219
73
326
216
147
149
243
172
185
356
251
178
197
180
325
195
125
168
227
63
75
89
190
76
313
84
81
300
221
278
273
295
177
235
258
197
244
430
285
116
107
115
38
95
211
66
260
264
62
237
168
256
136
251
158
18
245
77
160
226
270
63
239
154
118
64
167
98
333
158
358
362
267
43
429
132
136
120
302
71
182
128
124
173
61
232
341
141
296
287
253
244
254
62
36
37
118
129
336
149
269
29
104
357
277
77
228
183
337
197
128
283
192
104
208
205
240
120
155
309
179
274
231
215
83
206
111
59
271
112
183
171
77
278
215
143
228
37
287
228
56
321
71
245
116
181
381
180
88
317
170
129
88
38
14
37
148
126
351
135
331
135
245
113
96
199
344
174
292
182
143
321
399
89
104
191
251
210
86
165
71
70
83
85
100
155
105
323
35
162
130
71
387
120
214
225
464
155
145
213
295
195
56
240
174
62
369
300
64
116
221
287
147
101
59
252
139
52
225
266
190
88
304
123
199
176
292
190
50
44
170
324
127
56
81
84
105
132
171
100
88
88
29
89
59
256
131
306
132
136
89
247
66
182
196
429
70
136
69
219
81
233
287
156
156
341
80
252
265
177
161
181
276
213
56
197
147
140
152
52
206
233
196
87
167
195
213
276
144
415
67
226
111
146
316
129
71
240
87
167
338
345
135
189
362
164
152
55
146
166
99
267
228
284
194
116
241
290
50
255
56
71
189
159
119
222
338
154
125
129
269
154
112
198
438
209
133
184
156
62
146
25
175
219
160
134
118
126
215
157
83
271
121
367
211
193
64
190
196
96
203
279
374
321
136
129
99
320
59
111
244
98
209
398
57
108
201
245
295
234
66
254
161
180
102
236
237
258
236
226
112
67
43
103
154
127
287
243
161
144
184
475
178
224
168
303
222
111
151
148
266
79
239
434
263
55
89
261
164
205
206
44
65
262
182
192
137
284
57
199
230
258
280
249
126
156
127
53
350
181
171
52
139
294
245
203
130
408
286
105
198
140
23
69
102
202
106
163
135
62
25
101
183
282
295
84
100
141
98
350
274
181
231
133
138
514
95
148
222
14
104
116
60
149
251
115
150
179
249
255
158
130
145
237
114
169
91
204
254
225
190
193
81
105
189
136
112
85
260
210
78
248
174
269
180
88
68
308
50
182
157
51
183
304
408
109
222
78
110
129
212
212
80
351
136
339
178
151
58
101
341
294
261
127
37
100
193
43
94
75
257
193
131
123
243
335
147
43
93
1113
29
303
131
52
147
185
236
56
182
133
125
448
92
199
157
152
291
359
245
142
184
193
90
196
157
169
167
119
99
163
271
252
152
96
236
339
58
95
133
79
233
178
135
194
66
207
291
93
173
223
134
158
461
63
137
281
158
96
131
91
126
110
50
102
370
335
274
94
160
289
116
144
224
341
303
253
221
145
102
120
141
62
220
253
188
197
59
107
216
137
86
207
241
123
285
128
130
56
257
204
499
398
293
92
320
107
133
95
169
249
401
195
154
81
273
405
145
258
149
139
64
240
143
112
217
238
184
157
144
223
211
152
180
188
348
193
145
148
185
125
241
98
77
42
71
53
301
582
113
208
213
284
167
186
340
177
130
120
138
86
194
229
134
206
191
122
172
174
223
297
283
116
232
111
97
112
128
135
269
275
211
101
83
143
188
232
219
278
167
62
117
238
57
264
170
385
242
165
163
284
229
437
153
185
256
134
32
51
91
132
194
286
47
217
258
90
115
50
94
84
271
78
216
144
313
204
182
138
189
55
100
93
179
148
209
62
324
136
95
365
133
219
220
188
245
88
183
271
108
146
43
247
71
67
81
88
107
165
227
57
113
166
79
169
137
249
61
474
231
207
275
235
221
170
158
83
52
197
186
91
454
270
103
53
219
153
423
271
187
104
58
195
82
152
77
175
65
92
250
40
106
290
249
150
218
214
140
124
246
199
198
152
244
238
136
42
197
130
221
284
220
124
176
50
45
205
128
157
131
159
115
82
102
223
58
109
224
276
240
280
141
102
146
286
231
146
213
190
133
211
1058
96
244
132
338
197
261
394
161
137
149
370
280
129
229
139
126
167
85
98
234
147
192
132
73
84
291
482
204
97
289
173
198
268
85
267
159
176
380
81
175
301
325
180
261
60
38
265
73
81
50
257
96
262
423
450
84
152
203
95
237
98
244
151
280
126
587
200
138
293
223
164
248
291
243
400
209
306
78
520
242
293
367
61
228
10
196
191
142
261
342
211
381
113
233
257
187
283
38
472
204
201
71
78
29
165
236
246
193
89
106
120
213
154
259
141
356
368
128
88
371
51
551
155
90
310
71
300
217
405
183
294
139
359
148
178
289
141
394
336
106
253
124
174
143
375
272
261
261
143
472
262
227
209
322
319
285
145
33
135
141
50
69
559
210
199
369
94
206
229
238
246
69
306
156
350
223
182
177
371
108
146
113
116
373
458
250
59
96
250
78
72
93
224
156
114
239
251
154
188
415
323
160
223
112
177
266
260
38
347
170
367
302
235
234
345
334
140
125
162
262
171
211
254
254
247
273
174
85
364
88
161
85
225
100
440
224
62
125
234
216
204
293
251
205
187
317
277
83
314
138
42
283
42
366
208
465
242
60
276
85
269
287
260
84
207
303
177
245
281
159
271
228
173
103
246
271
391
230
87
135
325
400
222
194
104
286
274
125
117
209
269
252
130
178
256
305
114
312
39
129
324
273
179
314
243
172
208
115
97
391
161
283
171
230
81
527
295
192
37
76
229
363
107
196
421
437
162
129
274
185
155
260
121
183
288
236
189
214
226
183
193
38
102
320
100
479
173
229
141
85
217
422
228
246
233
296
179
267
143
269
118
272
200
145
104
43
125
149
443
43
188
261
107
237
229
216
224
106
360
269
142
200
170
101
201
123
235
424
389
95
536
233
50
116
228
147
131
226
135
132
180
380
204
333
189
126
89
320
87
43
119
78
94
134
417
56
111
129
333
242
117
124
115
192
318
223
216
224
175
152
168
479
136
100
206
360
103
167
370
242
187
214
185
111
282
107
145
144
26
142
172
137
340
88
290
128
203
125
181
118
174
117
111
232
58
122
79
481
154
209
313
211
168
91
115
242
209
123
387
125
338
189
163
202
286
27
164
334
151
46
168
233
226
256
261
118
238
269
155
307
52
214
135
246
209
279
172
1385
212
414
128
98
254
139
166
231
254
196
175
226
255
224
85
93
123
239
134
290
140
124
313
93
287
225
418
237
85
120
265
326
122
242
310
215
105
278
110
177
84
148
226
211
195
105
125
122
203
257
132
251
37
157
200
282
197
97
95
156
64
70
106
199
177
110
183
363
82
240
211
25
137
184
193
29
85
267
288
158
197
136
328
186
182
78
209
161
99
295
256
296
322
462
224
205
233
124
227
121
338
140
197
133
125
129
37
268
282
177
128
212
257
290
100
169
371
215
174
301
119
81
62
53
173
87
75
73
545
363
313
85
158
311
160
277
195
85
122
137
252
213
228
110
314
99
237
293
240
242
67
354
467
89
289
366
181
88
269
51
140
84
194
265
214
266
80
224
80
326
423
236
148
89
352
56
61
245
139
129
116
63
357
237
228
310
286
207
172
227
74
114
207
156
129
184
86
301
86
260
230
54
149
164
435
241
167
115
316
88
266
392
55
67
141
234
62
125
162
222
440
52
242
235
124
274
232
119
260
201
121
32
94
23
126
231
162
313
189
189
282
48
301
284
26
48
77
349
242
93
218
53
125
281
210
338
359
202
150
229
116
319
246
226
197
61
304
235
440
24
318
198
295
274
347
37
116
139
147
55
234
99
261
280
217
229
981
273
211
246
283
309
26
339
303
164
361
106
452
86
245
303
229
266
207
210
283
26
223
242
187
101
108
271
108
210
79
117
24
269
224
53
252
72
99
196
363
303
280
135
219
280
26
47
269
204
212
74
296
110
337
75
112
76
346
203
186
389
417
70
258
282
106
70
277
29
237
245
164
222
250
305
162
126
123
116
124
311
425
223
326
31
237
145
182
219
329
253
275
198
33
232
101
258
390
215
95
117
263
191
309
267
101
223
43
268
109
30
303
236
330
207
266
165
49
304
103
194
358
273
167
290
936
28
280
39
182
377
57
163
49
304
44
49
234
153
24
64
274
951
229
212
161
213
303
51
218
95
401
210
29
277
141
158
46
329
110
266
322
338
292
32
155
251
728
132
146
214
302
175
153
81
239
314
925
24
173
271
134
132
260
339
97
393
315
153
277
151
232
246
202
305
118
24
249
156
60
65
52
196
202
91
199
445
101
157
97
184
309
402
144
280
209
302
145
247
177
230
373
262
28
175
137
32
33
68
157
267
273
216
213
45
208
246
189
98
285
461
28
207
81
132
261
125
72
236
62
36
90
84
216
65
50
228
187
243
937
292
25
313
218
264
91
265
232
358
821
230
931
185
184
209
265
25
224
204
580
187
112
97
279
158
315
84
160
38
119
117
550
271
248
357
303
23
300
328
255
65
83
98
22
35
138
133
241
320
236
237
429
244
104
195
400
300
221
25
235
137
48
78
92
339
313
343
37
103
221
208
112
296
309
263
131
174
283
264
323
197
47
226
273
443
25
37
93
195
148
347
293
50
224
247
196
366
31
194
132
99
226
566
197
191
535
334
75
230
32
91
243
84
474
67
411
41
275
183
430
251
872
343
119
232
163
26
207
395
311
195
214
68
89
158
248
118
338
206
252
85
68
230
157
95
236
281
239
172
37
198
234
122
254
71
395
464
224
62
134
326
89
236
239
181
358
200
110
220
246
197
190
72
168
166
185
72
221
55
161
112
47
185
196
253
256
96
230
62
244
132
72
112
222
65
77
168
239
236
71
571
408
117
216
104
113
154
243
152
231
93
61
53
353
156
137
69
62
65
240
68
233
71
244
72
414
208
227
148
300
92
97
96
214
217
257
62
66
188
88
150
209
75
72
197
193
112
221
42
278
72
111
95
84
159
201
178
49
74
122
104
168
62
281
225
345
195
63
139
71
187
66
147
233
265
78
129
212
25
209
209
220
125
92
125
237
328
576
96
94
308
70
222
268
274
156
249
71
115
105
80
99
379
50
179
69
251
164
77
296
79
261
47
337
169
363
126
274
89
252
121
215
224
130
192
205
353
46
145
65
64
136
171
46
249
70
177
379
216
223
81
160
214
335
339
209
216
534
260
244
98
403
316
254
66
160
142
196
265
84
68
42
165
61
92
128
79
91
128
63
303
56
111
237
68
217
58
166
256
177
79
79
497
591
274
179
89
55
164
54
82
141
44
42
84
312
84
318
62
311
152
83
123
68
63
234
415
72
179
134
226
215
75
267
185
206
370
71
339
218
230
58
215
96
257
269
53
219
293
88
140
252
62
118
75
126
180
267
399
270
271
65
272
328
73
71
201
230
388
239
119
172
279
210
308
73
101
95
226
105
140
64
69
61
193
170
71
147
234
172
222
232
70
171
218
32
746
177
95
89
250
72
318
106
231
113
78
77
224
173
340
308
60
272
75
216
61
158
164
62
70
120
249
240
186
70
256
590
96
451
226
188
94
92
267
54
70
214
425
103
79
107
245
177
58
386
62
143
150
264
128
90
32
72
108
254
68
276
141
233
303
214
86
79
53
288
185
146
190
36
510
88
231
60
114
269
76
278
241
145
204
70
129
289
70
319
231
329
227
333
118
147
218
93
243
351
76
223
287
200
233
322
264
44
216
224
38
72
63
222
225
628
250
75
168
284
94
227
49
382
137
198
99
376
285
64
222
59
195
285
142
48
158
72
250
72
61
170
138
226
274
77
343
135
290
356
204
243
93
309
36
220
241
130
131
293
255
276
60
230
85
301
330
135
313
193
62
59
67
96
158
242
65
284
154
266
76
203
262
364
369
114
68
233
60
193
88
353
120
55
240
325
67
90
216
195
247
70
164
121
309
75
102
77
184
117
165
175
281
257
249
71
105
138
226
47
178
60
50
45
98
75
153
68
134
57
77
224
284
87
307
221
42
303
198
48
73
70
194
314
70
260
85
258
227
257
183
69
236
180
312
71
219
369
316
91
157
195
67
185
359
231
193
117
194
273
99
50
127
262
46
71
320
190
67
215
250
196
94
260
68
98
284
240
172
64
72
291
202
321
252
476
194
54
33
35
367
71
277
282
162
250
71
298
61
81
98
212
345
268
168
218
68
153
72
281
344
205
37
252
140
65
88
90
338
202
118
281
295
43
206
100
60
270
86
236
102
112
72
187
190
254
186
269
73
302
498
233
264
860
64
53
220
230
265
277
93
121
99
61
210
63
186
342
189
70
223
70
278
54
191
72
187
259
214
179
217
237
75
206
61
320
110
66
261
96
283
234
155
167
133
179
199
43
211
146
192
244
47
49
246
217
69
186
91
93
174
61
180
233
115
124
53
604
53
210
63
59
94
81
201
206
179
70
219
272
252
133
57
71
84
242
266
199
251
396
84
70
229
140
250
66
170
226
132
257
219
175
244
134
178
69
233
301
89
297
364
126
155
206
851
155
354
75
209
216
58
187
159
282
221
121
47
272
250
59
77
192
312
63
131
208
180
90
72
203
190
223
57
266
312
86
173
277
210
179
275
77
374
179
302
93
55
54
210
238
165
240
75
209
456
388
184
269
109
86
79
65
195
89
143
91
111
245
180
72
176
390
261
180
148
396
326
161
149
200
320
285
256
60
166
380
36
103
155
72
479
99
142
245
40
255
63
333
332
78
62
251
60
86
66
225
142
72
199
144
271
270
369
364
256
200
318
222
452
253
127
515
147
237
143
85
63
199
195
64
182
34
87
185
67
192
188
69
216
212
77
235
370
318
143
188
94
150
150
212
210
65
334
150
230
253
180
64
178
257
81
224
213
191
83
76
180
409
448
258
175
208
249
409
63
258
249
256
65
190
64
271
237
189
268
74
76
71
131
195
477
231
270
309
264
263
373
65
421
221
63
132
271
156
208
111
110
67
264
143
232
185
71
281
479
310
229
88
263
245
197
123
185
66
260
208
347
229
39
218
123
51
145
64
284
206
230
150
99
71
319
451
185
308
78
360
413
209
64
160
84
205
61
67
221
182
213
319
127
464
172
299
82
66
250
42
360
229
242
63
61
74
288
25
207
180
65
105
71
345
524
131
255
374
69
272
203
79
62
218
218
257
61
109
71
62
232
186
441
407
64
72
267
67
278
238
421
307
147
172
208
225
59
216
195
224
188
62
72
48
188
140
83
72
155
373
66
151
60
36
258
67
64
256
230
232
216
77
66
206
177
275
63
211
218
74
235
143
365
62
166
166
75
56
224
150
82
265
55
74
299
234
63
16
409
151
123
225
168
169
168
379
278
151
66
282
75
119
73
58
256
133
35
231
256
192
70
181
221
52
248
177
226
336
153
169
262
353
229
63
480
49
102
329
239
303
228
141
193
207
61
126
220
193
76
94
99
233
23
663
161
262
195
129
393
168
183
219
345
240
53
96
91
67
159
34
62
265
197
41
235
45
97
205
293
32
27
73
112
76
234
211
336
186
63
185
318
200
65
309
180
147
269
451
495
246
272
116
64
64
56
210
167
159
72
98
223
216
242
178
46
250
470
240
65
316
194
292
63
169
101
111
189
276
63
130
78
151
60
73
49
182
152
286
409
162
216
232
258
196
286
66
63
84
252
238
187
73
67
175
74
236
276
75
83
67
277
218
255
207
134
256
66
215
77
92
69
207
217
166
75
200
115
242
264
144
406
683
67
108
211
183
392
332
220
498
309
65
540
113
198
160
256
101
73
66
167
201
271
153
71
485
412
481
311
179
83
424
289
305
192
314
270
153
67
222
158
110
227
225
253
123
135
101
80
151
291
48
69
102
298
76
62
129
106
40
116
44
215
145
126
105
106
117
114
53
146
119
105
132
100
22
745
136
129
122
251
82
123
118
127
149
122
112
114
169
255
88
331
113
49
128
148
204
121
109
81
167
105
103
117
115
535
123
102
111
103
225
215
125
202
147
109
101
56
101
94
125
96
226
234
32
117
283
132
170
137
101
708
173
120
126
121
112
106
105
107
118
100
125
144
119
83
123
129
135
107
117
134
111
127
101
255
101
113
145
82
139
128
122
659
54
98
205
134
117
110
102
244
102
173
127
103
657
169
49
75
275
134
268
171
117
190
229
170
286
200
199
206
195
118
152
44
295
130
262
432
225
221
133
172
249
230
286
659
267
277
235
105
133
280
176
75
200
247
322
199
48
288
138
285
202
222
359
59
83
237
306
301
57
203
152
30
28
93
96
237
160
268
228
260
250
56
290
193
140
219
186
139
129
217
321
288
298
71
293
147
263
222
222
247
303
136
267
159
521
236
224
181
114
46
64
248
161
131
245
158
621
231
52
140
110
322
109
264
208
226
217
147
204
272
86
135
288
442
189
199
167
154
173
119
281
621
186
265
181
174
178
72
145
328
258
259
124
143
141
305
113
243
213
223
149
262
161
124
292
270
462
219
222
288
255
233
195
289
218
248
201
211
193
249
257
395
246
131
157
113
220
236
72
202
148
284
184
296
542
187
216
202
240
276
234
136
215
231
228
132
166
263
126
243
267
185
154
177
124
333
240
73
269
348
182
204
957
105
290
273
382
46
216
207
209
190
195
366
112
92
185
291
244
343
195
149
202
122
147
488
255
150
669
687
250
218
144
333
91
251
201
40
148
149
268
267
218
223
314
93
107
226
204
191
190
19
54
106
87
286
271
154
60
217
255
250
190
48
146
225
170
230
220
205
234
207
260
45
273
237
246
172
255
133
238
113
114
149
73
245
295
137
316
25
691
120
46
197
196
160
306
313
521
49
261
79
49
251
162
105
193
287
418
239
192
203
170
51
159
102
106
255
265
150
265
174
186
49
150
293
127
482
251
230
81
280
299
480
199
280
108
78
77
280
619
320
194
199
74
401
38
89
65
234
286
377
110
236
393
243
82
252
292
38
278
209
266
242
651
224
168
32
251
294
262
255
206
500
235
266
215
73
333
162
651
299
125
246
63
44
43
290
236
651
251
262
245
281
230
68
246
277
538
155
254
212
296
223
308
64
579
257
