113
354
246
71
160
60
278
128
173
342
223
543
93
702
570
110
86
118
189
135
115
345
93
109
340
53
66
91
58
693
62
391
85
78
162
239
151
135
164
117
46
671
442
2536
408
171
145
110
90
145
114
171
161
277
136
78
1797
127
245
150
265
119
119
54
130
75
96
241
96
72
248
131
102
971
2212
149
141
99
528
163
1799
90
385
115
406
222
63
57
308
244
122
99
530
174
127
80
377
986
77
110
122
113
290
139
211
80
208
313
211
368
298
460
84
94
113
108
197
159
322
70
128
133
150
138
105
168
94
1331
101
122
70
171
277
104
185
181
126
213
258
64
222
164
134
710
123
63
74
1219
120
234
181
110
256
1009
75
543
304
55
238
126
343
103
238
168
104
834
130
89
131
139
214
266
335
121
205
115
70
98
789
80
128
75
149
261
88
120
2212
166
105
587
157
69
98
163
56
323
754
259
228
649
427
696
510
104
122
125
345
532
82
336
93
81
341
115
68
111
2331
226
183
97
220
208
175
102
368
342
65
103
134
188
81
93
2593
152
220
125
106
66
362
105
87
106
108
857
143
205
150
249
166
515
256
640
101
185
145
212
208
174
238
117
79
125
97
126
115
201
142
430
376
161
76
168
256
88
94
188
746
92
51
140
134
773
445
82
180
69
99
786
73
70
99
233
60
552
96
129
148
828
516
656
355
309
59
683
125
63
305
261
71
158
109
1797
70
