206
142
134
1262
281
322
64
28
3096
76
237
1763
24
93
62
108
105
147
339
175
108
251
4176
58
25
161
190
1106
43
94
165
298
301
101
119
144
150
280
111
35
663
286
120
351
293
142
30
223
233
2592
188
130
159
312
171
245
42
200
156
115
75
1219
28
116
433
95
212
368
107
270
97
1068
232
183
39
505
1070
280
2583
46
78
45
173
253
544
119
35
285
69
80
298
849
138
1193
213
3309
198
105
2673
147
31
3282
120
269
300
2903
125
21
316
283
142
300
201
72
1363
151
27
108
1837
42
74
117
27
159
2032
242
381
104
60
328
287
2633
178
233
258
126
295
204
71
46
702
67
54
46
331
157
67
271
69
39
197
332
135
107
341
106
214
257
85
981
110
122
170
2281
63
271
39
184
212
155
104
136
167
168
29
227
83
179
373
316
147
164
71
516
206
288
217
31
130
73
1593
27
114
311
256
176
122
283
290
101
96
203
169
269
