139
190
229
127
223
336
251
106
210
109
106
66
120
143
171
45
84
304
97
166
245
35
317
160
139
64
146
167
148
222
230
169
82
117
93
229
237
45
203
123
195
96
77
169
73
149
110
197
90
312
192
183
440
164
117
204
125
58
72
184
167
154
37
130
94
32
162
71
198
93
180
224
139
51
176
138
176
96
107
60
198
936
103
83
70
35
74
77
107
169
117
236
103
89
102
49
149
184
34
81
293
126
135
68
118
250
205
120
123
122
296
50
127
130
148
151
67
77
295
200
152
68
260
257
228
60
180
157
247
215
237
48
260
125
214
109
51
105
161
137
207
114
281
249
251
316
250
128
155
194
186
61
36
285
295
239
159
195
306
243
164
93
275
82
164
40
93
201
214
89
211
256
17
93
130
219
226
157
195
102
111
120
26
240
219
133
287
133
142
229
113
181
39
29
174
217
30
211
66
175
38
172
111
178
114
44
105
241
58
237
116
178
121
262
234
195
105
164
143
191
47
193
149
134
181
57
295
159
201
162
105
116
287
206
171
165
261
259
284
146
148
119
272
124
111
208
256
144
36
176
184
106
175
131
112
115
18
14
10
231
20
193
80
149
228
44
226
160
158
224
210
145
170
196
52
121
26
236
138
114
19
11
150
114
273
259
27
34
72
264
72
112
162
251
455
113
62
185
105
133
251
153
244
215
144
230
69
202
254
129
35
143
118
141
75
102
154
114
201
231
58
17
163
60
83
104
147
133
16
77
181
68
76
49
152
60
58
229
58
96
19
129
17
132
267
20
207
81
42
93
140
58
190
60
16
47
15
97
143
17
280
100
100
21
76
228
88
27
94
27
57
179
42
233
7
100
191
18
153
38
115
227
142
36
23
199
88
186
41
229
114
18
204
310
31
34
98
112
147
106
261
150
104
63
199
111
178
18
139
59
59
111
137
13
219
194
51
11
99
59
120
142
210
22
15
60
147
189
50
30
112
58
60
87
148
40
61
195
279
220
54
65
174
159
182
49
171
119
27
197
81
119
78
25
86
65
223
240
116
126
178
20
239
113
200
44
119
20
61
28
59
80
84
69
47
119
56
78
258
208
108
38
180
290
200
213
388
141
206
121
139
92
155
191
278
112
31
278
264
78
217
31
92
108
91
194
101
131
54
126
177
61
58
252
232
30
208
100
61
44
90
59
85
50
50
231
43
105
41
72
114
218
91
262
92
107
119
138
37
33
51
167
256
218
39
175
61
201
58
160
83
86
215
36
100
41
189
123
144
136
61
111
112
29
126
87
57
20
28
39
241
71
167
25
106
160
145
24
57
192
62
30
27
116
203
120
148
142
115
46
120
194
103
300
35
192
131
122
37
120
115
109
139
207
260
30
42
134
77
38
35
228
22
244
110
136
56
117
28
132
51
32
98
263
64
168
120
290
194
89
33
150
29
44
213
44
70
103
39
129
48
69
90
195
28
200
150
93
87
26
219
103
31
72
22
215
57
240
108
132
123
172
102
20
194
218
104
47
66
24
103
55
128
129
110
135
115
230
29
72
117
500
117
263
80
223
51
33
126
290
141
92
190
204
70
24
120
92
33
135
48
76
159
145
229
114
51
47
26
35
54
80
143
113
81
78
123
126
35
39
213
203
28
181
52
25
216
103
32
206
117
112
62
135
61
24
45
208
40
66
156
37
33
110
105
97
221
33
112
27
99
40
31
114
13
111
33
247
104
123
121
126
129
218
134
263
106
237
59
132
313
241
144
26
92
23
133
29
80
261
135
214
52
29
242
131
27
162
134
80
133
101
83
34
73
50
21
239
99
58
54
65
93
145
180
28
193
38
49
31
258
104
93
99
108
45
155
137
101
56
32
108
228
50
50
129
199
27
55
125
118
51
150
33
121
205
50
27
47
126
122
239
153
41
207
141
95
52
44
123
50
44
138
200
172
135
137
144
173
148
256
91
98
236
24
129
42
68
96
258
76
35
124
216
26
126
207
139
101
127
48
215
129
66
22
217
63
135
21
30
47
49
119
52
221
123
224
37
50
91
114
52
29
128
112
235
129
185
131
29
149
58
172
242
28
133
150
131
242
75
83
17
48
66
110
204
43
98
125
135
58
297
55
28
96
86
40
49
45
49
109
58
28
91
173
86
113
90
25
224
153
53
223
20
36
127
34
99
116
34
117
290
276
84
167
169
141
246
122
101
260
28
46
133
198
220
115
55
278
91
33
31
137
130
68
52
138
181
93
78
266
215
34
46
120
39
229
37
108
242
157
30
27
57
52
132
25
122
61
110
76
138
137
23
31
29
63
133
300
130
218
39
166
36
130
241
126
108
112
133
102
28
199
67
80
24
122
61
70
80
64
175
121
227
78
28
149
220
22
25
100
132
31
139
44
59
220
21
253
52
126
50
118
229
54
301
36
43
106
55
39
130
57
129
223
111
141
104
187
284
132
66
30
221
59
196
113
276
225
109
111
102
216
112
30
277
37
137
87
49
24
120
226
247
62
128
258
46
155
140
44
42
206
27
31
139
20
144
56
147
106
41
107
273
35
222
106
108
247
28
120
18
165
114
67
27
35
102
131
119
50
47
56
50
35
76
234
116
225
66
24
127
71
53
94
111
69
37
114
140
68
235
257
176
56
240
235
57
146
339
121
36
28
236
24
366
143
126
176
96
103
104
286
87
191
131
102
40
48
229
40
103
137
179
113
67
26
225
135
19
51
85
101
56
17
30
223
44
55
75
171
157
204
172
145
127
24
26
50
56
115
236
127
212
125
48
216
129
240
46
39
158
240
189
22
60
155
225
25
205
143
57
115
112
130
128
71
222
232
54
132
20
134
50
87
186
19
79
83
47
214
99
215
54
50
23
120
219
68
249
130
37
52
42
38
50
57
156
236
82
50
163
114
128
50
67
310
105
62
63
130
51
208
271
270
123
111
24
284
24
131
29
47
49
134
42
92
32
102
101
75
47
127
121
126
138
257
249
247
150
158
74
145
227
163
43
49
236
170
49
51
207
84
134
144
81
119
260
43
27
34
122
30
32
135
120
45
124
82
32
115
27
136
199
146
223
108
60
35
37
27
69
45
111
145
138
241
124
49
259
83
217
131
84
24
46
25
123
126
25
139
217
33
45
48
303
125
219
22
132
289
233
48
124
134
53
95
108
24
70
24
105
52
124
236
136
104
142
24
40
35
123
74
125
257
162
212
25
63
100
51
223
100
39
128
125
113
63
119
147
71
232
32
85
45
71
27
214
237
133
206
50
37
233
135
116
93
30
233
61
80
48
20
165
208
46
71
28
175
95
28
162
201
215
29
46
155
20
129
88
129
219
107
27
33
105
16
240
59
47
106
229
129
56
27
85
56
33
188
124
109
44
199
130
163
31
34
257
131
44
227
220
16
142
40
119
25
134
101
28
225
94
37
100
35
151
120
211
158
48
49
86
45
147
35
127
75
19
37
210
223
236
50
83
58
52
319
344
121
171
273
70
122
143
36
79
280
180
89
44
225
94
25
171
233
39
228
166
297
35
172
208
91
28
139
258
343
26
151
120
206
97
96
54
119
253
30
166
210
103
79
351
233
46
134
104
211
123
252
46
108
111
159
85
35
25
237
46
105
153
125
15
203
225
109
80
142
48
25
27
51
171
38
183
99
22
30
120
213
103
179
266
131
121
51
176
20
43
222
106
155
50
81
49
31
124
147
29
118
51
28
213
148
199
128
48
49
113
28
114
120
31
141
226
152
102
205
142
41
92
33
136
180
63
29
95
56
228
62
150
44
47
227
96
102
81
65
182
208
35
117
39
136
102
24
27
53
87
280
124
240
51
116
194
272
39
160
225
16
29
278
48
44
155
188
121
74
133
192
58
179
119
92
99
74
35
99
223
23
243
81
70
125
44
44
18
113
128
38
116
30
233
71
24
48
63
24
137
159
55
51
55
202
41
178
94
171
221
28
93
50
111
65
116
43
83
211
183
145
238
141
151
199
258
51
127
80
190
48
69
61
48
154
64
33
27
36
181
69
51
136
44
242
95
239
130
144
48
36
41
137
49
68
91
195
213
149
53
212
105
33
100
100
233
46
115
106
269
289
231
169
35
119
123
220
36
128
47
50
234
24
120
115
27
121
95
108
239
27
61
100
87
134
31
145
231
17
111
231
53
107
22
145
28
137
82
57
113
235
90
50
25
60
110
118
32
35
48
246
169
186
93
97
134
31
131
108
53
29
40
154
37
147
62
236
97
233
136
141
217
192
134
177
192
186
253
98
52
72
130
253
62
206
49
29
26
96
127
110
110
16
112
70
109
85
207
282
83
39
119
275
244
28
20
107
168
525
50
67
246
227
161
143
27
211
197
140
30
103
61
192
124
118
138
240
229
121
155
205
193
229
116
162
29
139
29
156
215
32
139
58
142
80
99
175
196
59
195
30
49
66
118
44
117
138
48
32
153
47
292
119
128
203
136
50
54
125
115
211
144
68
98
119
88
228
24
110
23
96
112
68
202
54
115
170
121
187
58
237
35
100
110
86
194
91
48
127
147
104
183
27
40
231
149
58
25
73
100
78
272
145
165
337
82
58
107
230
109
95
105
194
51
71
23
43
52
111
176
83
182
60
236
135
219
100
184
47
105
53
83
82
114
150
139
34
79
27
194
136
30
268
220
158
128
27
117
70
178
24
160
188
55
123
193
38
127
23
31
201
102
102
121
150
94
35
35
234
194
108
52
116
120
65
207
48
104
47
123
26
128
33
101
70
71
59
77
47
61
208
46
237
246
96
63
104
290
123
93
145
42
282
71
313
166
27
27
48
47
1007
215
205
107
46
197
45
138
133
34
32
239
221
129
33
115
123
48
114
28
126
114
179
217
290
58
201
107
187
94
223
112
89
245
41
34
87
117
84
52
35
28
30
51
116
49
112
31
37
80
26
108
155
221
216
138
221
81
46
56
94
29
62
46
219
28
141
48
23
244
91
25
321
175
251
82
121
53
125
176
127
199
275
117
245
234
28
130
110
183
112
30
92
111
92
78
31
387
106
57
117
26
220
134
149
133
47
178
27
212
30
163
78
103
77
46
258
231
140
105
96
56
69
109
244
139
112
181
111
33
49
128
204
36
222
205
99
239
127
65
129
30
94
128
36
56
80
121
141
99
202
128
120
185
46
66
274
61
231
40
128
103
243
100
61
129
211
43
40
73
144
119
140
160
28
56
94
122
221
40
166
89
54
30
30
137
129
122
59
39
118
98
242
225
115
364
49
27
110
55
91
120
289
113
234
166
118
194
49
303
119
136
38
132
20
137
19
97
153
116
137
152
232
32
241
217
25
23
139
96
206
237
78
156
128
100
61
153
44
62
127
223
224
38
184
127
207
97
149
149
141
127
23
174
252
131
144
137
43
49
222
95
234
111
25
89
270
106
21
169
139
53
73
204
217
24
169
41
229
140
115
86
121
47
23
126
135
212
113
134
221
28
100
128
66
42
193
117
223
117
53
117
91
33
221
42
256
42
232
115
130
270
220
113
27
69
160
20
129
112
192
56
199
30
179
57
99
174
74
129
234
102
71
93
59
22
46
35
45
182
46
201
86
114
44
51
230
30
46
123
136
96
145
19
124
124
50
161
162
113
230
78
126
126
127
196
134
262
20
102
133
39
140
229
99
22
176
227
235
124
108
154
31
224
97
46
123
113
26
64
218
56
36
23
65
21
239
109
104
257
100
321
32
102
66
81
143
89
186
43
254
52
121
40
45
25
93
142
35
104
218
129
113
229
200
210
57
179
142
55
162
188
28
151
58
58
116
140
37
167
220
100
132
20
34
150
203
161
130
131
77
48
32
91
195
61
211
118
152
32
190
33
82
178
250
104
50
146
24
208
161
57
53
184
49
46
100
148
82
126
97
33
43
24
121
126
119
53
60
75
261
266
209
82
108
33
192
125
116
24
268
104
184
104
93
82
45
126
108
283
131
145
189
397
126
150
211
219
37
28
132
42
115
147
39
185
70
34
121
104
81
204
45
24
89
88
124
33
115
77
157
121
252
32
29
141
68
139
57
231
91
27
36
135
130
233
24
240
25
117
49
94
153
48
41
89
67
225
14
107
154
261
130
35
18
220
114
35
27
149
24
105
93
29
46
155
46
240
241
70
27
194
227
338
325
77
123
224
290
91
90
107
131
142
302
116
130
27
56
265
98
251
421
103
239
32
25
49
187
25
141
79
60
148
50
80
77
147
196
47
51
201
183
145
111
98
207
214
83
35
223
102
130
109
214
242
22
20
153
126
124
34
22
228
36
235
45
51
218
155
170
131
51
146
56
94
99
143
115
210
151
124
121
36
183
236
30
88
27
147
26
111
195
234
114
145
242
24
148
176
36
34
924
95
140
65
269
35
94
924
148
274
47
194
138
135
108
99
110
283
234
242
135
49
117
53
27
101
224
27
41
45
101
207
171
236
153
98
33
50
47
235
75
130
147
237
137
178
190
41
33
182
64
203
90
164
87
101
29
74
39
216
83
96
191
201
26
134
25
113
66
113
51
47
24
26
258
167
103
57
107
153
26
102
62
116
258
132
241
51
192
194
114
20
172
2
237
79
271
89
92
33
97
107
86
37
53
190
55
8
330
99
90
18
118
203
119
124
23
166
140
182
92
256
161
236
162
54
226
20
370
62
156
200
98
298
198
57
367
229
167
580
38
69
314
52
422
209
323
118
102
95
64
220
170
24
176
368
106
24
111
389
395
30
157
42
50
92
17
31
184
54
63
189
136
19
63
200
156
39
175
55
207
31
158
143
59
118
157
214
44
186
178
204
130
129
48
24
65
119
42
190
162
69
204
81
65
123
134
82
210
241
55
243
213
119
145
121
60
89
229
208
264
206
213
163
155
39
142
234
61
214
204
51
281
70
205
198
149
56
166
217
213
111
154
146
58
223
150
124
218
187
156
100
136
193
45
102
50
49
84
201
168
208
115
43
183
146
54
209
201
141
187
117
194
257
935
346
160
188
273
327
224
81
160
202
36
60
254
168
100
54
19
51
129
82
156
204
218
109
118
42
60
157
179
189
165
82
39
152
38
192
237
101
47
54
139
125
118
123
47
112
158
307
231
186
96
238
171
185
82
222
46
155
57
123
50
85
51
200
163
204
213
111
276
138
149
216
182
311
111
352
254
176
271
66
229
58
104
17
98
133
181
188
135
175
88
33
117
182
56
122
195
184
33
162
231
191
209
106
260
353
60
345
17
46
196
31
744
121
158
81
123
144
161
108
137
40
101
150
322
175
34
185
206
156
61
187
194
149
66
220
104
133
194
87
48
110
105
244
71
149
71
347
65
145
334
169
317
121
320
120
145
332
176
157
78
69
175
123
58
190
162
125
171
110
192
62
173
161
68
181
235
55
133
303
168
236
151
117
253
173
125
73
202
53
303
183
84
100
125
118
167
534
314
70
75
139
158
115
203
163
114
180
169
180
287
224
40
163
174
41
142
94
183
62
247
68
110
79
256
37
75
192
73
94
37
167
29
169
207
162
74
226
281
135
243
67
184
82
117
135
50
114
99
137
137
163
45
55
50
45
81
181
164
70
139
131
82
59
351
239
80
68
87
112
150
116
164
129
180
105
41
131
216
93
114
155
175
128
188
245
138
98
141
120
108
63
149
134
181
58
70
170
98
37
131
116
87
93
185
171
74
259
119
118
265
165
217
191
165
37
82
110
300
182
187
37
175
114
106
51
163
68
110
59
198
89
257
122
147
76
55
102
60
206
85
89
184
160
138
32
141
149
106
111
18
140
123
115
93
132
26
98
164
213
227
301
175
70
291
91
155
198
201
56
95
190
61
80
22
72
161
181
21
154
68
19
95
35
52
71
139
63
177
62
76
77
113
129
22
152
233
72
63
77
22
60
76
120
202
78
173
111
96
118
142
112
143
155
66
64
100
111
77
246
161
219
244
218
150
36
148
219
49
23
91
47
99
149
142
23
164
108
80
192
71
155
168
83
94
182
16
73
233
120
200
170
123
90
181
166
213
168
65
100
77
142
39
144
156
23
116
233
347
110
59
214
112
177
158
155
82
174
147
158
105
24
130
166
94
98
175
24
96
173
184
39
146
171
202
195
41
169
45
91
177
501
100
141
99
329
80
69
183
74
49
112
157
102
71
121
113
272
95
162
121
27
288
265
153
177
26
89
80
175
63
173
178
142
149
65
92
28
53
133
243
157
469
50
190
143
330
101
35
27
203
94
92
160
116
165
62
157
66
56
23
122
205
86
61
187
57
80
231
127
37
60
180
108
182
121
144
95
101
96
17
57
191
164
103
207
173
29
162
228
216
79
80
110
74
68
157
245
449
276
334
18
154
239
31
204
54
184
163
173
149
51
133
97
74
42
21
141
127
231
170
136
97
244
172
32
76
291
192
38
111
26
62
186
88
121
87
114
89
65
131
125
185
123
41
77
259
535
119
165
207
172
32
153
170
159
24
153
273
157
73
143
119
302
182
312
102
158
283
410
61
219
207
162
54
215
81
90
62
90
83
145
26
57
127
33
215
88
215
206
78
64
37
100
45
175
140
30
20
195
178
229
223
146
195
133
202
136
125
45
174
88
27
178
106
115
102
45
107
70
186
173
80
127
129
99
271
99
153
83
6
82
87
161
293
310
317
117
75
86
215
108
156
108
125
180
62
65
138
69
174
191
78
45
74
62
51
83
94
62
163
42
254
247
28
71
24
101
33
49
95
140
29
52
67
69
86
76
62
107
166
193
40
73
48
35
49
51
152
58
228
69
99
183
121
138
218
113
180
143
241
158
149
165
205
55
63
185
195
64
182
161
89
155
190
130
181
72
216
108
191
192
137
137
142
247
203
46
181
75
99
228
82
106
206
44
7
235
175
198
42
60
125
106
38
143
106
115
209
149
102
161
61
220
186
94
68
13
139
135
152
53
127
169
133
46
178
131
208
171
17
229
43
133
79
125
63
114
72
117
67
64
215
198
58
80
115
272
102
94
223
88
67
82
60
63
56
168
166
105
128
181
60
162
216
56
144
93
151
162
185
96
214
107
66
127
239
50
100
173
148
74
187
38
43
148
78
182
99
57
150
27
98
200
165
77
193
143
122
133
146
212
60
152
78
168
94
177
119
170
210
162
155
74
66
216
66
79
55
53
186
172
200
208
187
245
116
103
174
218
303
65
107
221
92
84
174
70
132
98
204
174
157
176
202
44
103
104
180
96
178
93
166
266
184
185
117
100
183
163
141
140
71
63
178
137
63
165
138
228
128
144
410
78
129
167
76
117
139
69
69
161
232
175
55
76
104
138
126
368
177
293
215
47
140
140
94
168
201
94
152
75
251
176
117
226
128
191
297
203
71
139
97
67
176
72
212
126
225
170
267
94
106
97
92
158
219
196
172
95
34
45
137
344
221
64
109
116
202
136
121
289
74
19
77
191
194
152
83
108
99
171
110
201
218
105
80
109
195
197
181
155
80
113
325
222
183
168
89
116
99
107
209
128
117
53
132
180
65
153
136
181
163
145
110
63
196
123
101
191
189
128
50
145
90
121
150
297
70
139
108
85
165
83
66
97
297
175
53
91
73
55
140
130
125
155
109
121
187
168
174
45
153
24
90
91
88
111
151
196
161
150
79
98
158
176
106
95
75
113
63
135
133
81
114
43
112
199
218
160
164
145
187
118
25
221
287
95
86
141
136
218
231
152
164
151
103
265
92
343
79
84
379
133
92
122
39
134
65
28
214
163
212
166
127
115
122
177
225
232
195
99
162
46
181
188
205
192
37
54
135
239
94
62
205
116
204
193
148
154
164
219
47
64
98
85
140
238
161
33
161
150
122
53
166
162
187
290
175
135
129
104
135
101
61
78
154
124
166
57
139
160
184
56
141
85
50
245
213
132
133
160
172
81
96
192
53
85
157
112
67
115
56
196
195
181
141
117
127
195
84
97
111
148
152
129
44
178
106
191
119
163
183
147
234
44
237
68
180
165
57
83
199
80
41
154
230
137
32
68
173
188
124
169
82
49
87
134
152
140
141
80
141
172
118
216
48
197
117
154
128
204
177
97
156
99
110
190
161
121
45
109
219
168
253
88
149
268
201
138
171
200
92
107
111
81
121
124
138
153
169
198
213
56
130
102
186
64
208
90
51
104
215
166
63
139
204
63
186
112
211
33
119
53
71
117
86
54
48
98
59
211
202
44
108
81
144
232
158
267
58
119
264
119
118
273
445
160
60
179
141
113
39
78
122
164
73
183
111
157
83
190
176
236
49
197
131
82
122
222
112
125
206
140
182
30
84
83
203
212
41
75
190
120
171
83
77
118
82
139
304
149
189
136
62
206
198
280
66
41
152
102
33
79
210
35
92
134
94
70
148
130
76
193
89
232
160
220
102
208
117
183
196
51
123
206
159
79
122
133
220
36
198
239
223
170
151
161
148
89
111
65
101
284
43
95
125
215
285
128
119
101
107
118
86
77
165
185
44
76
81
81
114
108
157
174
123
50
125
119
119
105
120
132
209
81
76
143
155
252
89
140
99
167
69
118
195
144
189
43
133
165
120
72
132
163
114
170
79
277
124
256
182
133
158
192
51
153
192
180
132
161
156
71
145
86
81
81
138
45
128
280
130
73
130
192
131
260
30
166
124
207
164
98
97
136
192
104
80
74
145
155
86
151
211
227
153
305
42
194
34
70
133
109
90
171
54
137
157
101
122
153
226
178
85
131
119
49
101
104
177
146
77
120
102
174
146
37
144
206
169
99
182
171
54
180
102
192
110
40
128
127
60
175
216
47
253
208
68
118
119
147
47
91
202
162
296
294
229
171
173
78
113
142
53
161
186
102
99
213
198
108
59
38
163
174
78
138
75
189
225
192
161
161
161
176
86
51
202
311
79
141
75
128
57
96
98
75
96
80
45
132
145
185
160
62
168
101
78
75
151
145
218
29
94
299
110
44
81
179
204
165
106
234
30
25
37
199
78
125
187
20
26
184
26
36
133
307
136
88
143
41
42
170
194
185
165
130
112
68
19
169
84
184
114
318
58
113
125
168
72
61
172
122
80
79
135
121
201
35
177
104
268
95
33
72
180
149
48
74
120
21
136
119
170
160
181
140
135
92
127
66
51
36
295
221
153
205
94
30
43
136
232
91
316
210
264
20
360
110
169
134
161
141
24
214
20
77
28
4
350
52
219
22
201
46
123
140
161
76
220
24
174
93
118
66
218
86
161
125
18
115
53
126
213
214
177
85
96
162
53
87
34
124
209
43
111
28
52
183
121
163
111
84
141
18
18
246
169
92
46
87
242
225
20
31
179
27
68
155
134
16
164
63
176
118
206
134
149
49
152
143
157
36
75
128
97
99
184
39
63
91
121
106
117
183
21
105
147
33
50
138
99
166
128
255
112
108
206
38
245
209
158
21
33
57
20
207
255
29
185
21
121
159
29
201
144
133
139
241
104
150
31
130
104
46
91
163
29
268
198
137
179
132
90
144
59
87
305
69
98
46
133
122
122
130
37
60
112
151
142
43
194
158
181
206
143
148
167
211
40
155
58
36
17
176
20
31
23
39
229
159
18
180
234
196
130
26
156
46
197
125
98
79
193
133
101
287
168
90
173
105
74
129
99
172
176
92
209
93
217
81
76
40
179
96
103
168
155
185
174
121
131
129
135
217
139
60
154
127
52
35
133
192
190
109
126
90
186
117
103
127
248
93
105
153
244
102
83
60
183
126
129
178
114
63
126
127
52
143
145
217
23
91
163
184
15
128
72
42
155
36
186
76
113
148
137
254
138
119
179
52
256
255
169
159
62
125
148
30
102
169
189
181
196
105
64
99
224
112
193
100
57
237
127
21
122
240
53
118
167
203
177
235
115
106
191
45
33
136
192
119
34
140
137
220
176
115
403
133
54
175
90
229
205
74
79
97
106
180
84
56
152
268
180
147
144
134
122
145
145
102
66
199
199
206
61
149
189
65
83
224
55
34
43
254
114
199
224
46
101
117
25
159
226
221
202
174
119
65
39
42
118
20
87
37
30
198
157
32
142
196
51
97
287
107
181
261
223
118
84
138
126
203
73
97
122
205
231
135
268
111
198
106
123
204
198
121
78
139
46
220
133
37
80
83
137
112
81
80
74
67
138
130
124
155
57
88
226
171
190
76
62
100
142
133
77
178
164
67
140
171
131
279
24
22
57
215
224
178
156
299
43
175
130
124
20
104
104
234
20
188
218
39
17
115
63
69
111
190
147
180
144
236
219
124
291
22
137
125
237
203
188
98
66
13
68
92
227
129
147
89
49
187
45
36
70
233
219
136
33
46
58
33
84
78
151
150
129
94
50
138
54
48
192
162
188
115
88
118
182
209
60
74
150
132
163
177
172
124
184
155
60
144
45
194
136
176
86
173
178
27
236
68
262
51
176
178
31
129
114
87
111
171
30
267
26
28
206
177
20
223
168
97
201
196
79
117
104
76
66
115
36
83
177
137
244
251
130
82
126
133
183
120
120
56
46
149
190
41
90
134
164
134
116
44
158
96
141
36
134
61
147
72
219
153
158
117
160
155
165
130
159
175
54
37
196
232
152
261
45
101
177
34
163
271
168
129
125
115
129
20
157
69
71
126
41
281
126
27
27
146
58
107
173
181
112
123
226
182
86
121
111
197
114
74
92
251
87
78
98
79
18
87
83
61
122
36
160
55
109
151
41
78
249
146
156
128
106
102
174
127
160
124
96
101
84
152
162
54
207
77
125
177
70
154
74
60
154
232
135
154
145
138
104
97
94
143
63
16
54
78
106
174
233
32
136
179
80
79
108
131
241
45
24
50
20
256
142
75
224
132
159
123
93
156
116
138
192
59
144
103
128
190
115
196
92
146
227
303
49
240
139
205
99
116
117
179
55
55
157
104
56
276
234
51
29
264
175
134
131
84
105
142
122
121
51
50
141
86
172
79
83
168
72
156
263
107
149
102
254
92
264
108
221
114
30
205
193
154
121
188
23
203
152
152
166
75
92
65
124
82
181
197
183
106
266
169
158
157
146
80
85
149
167
187
182
151
162
77
161
129
116
107
155
172
100
25
25
142
153
98
31
231
141
202
135
212
147
155
125
123
70
41
107
210
91
128
83
87
113
196
129
152
190
135
28
84
113
88
187
38
82
82
179
60
93
184
133
91
186
249
25
240
158
253
27
56
170
82
21
51
160
97
181
130
155
43
98
131
147
143
87
254
182
86
147
21
81
196
79
70
81
165
123
175
245
181
96
170
118
114
108
46
73
159
95
31
151
183
55
58
125
166
136
111
291
122
84
29
122
36
199
169
81
235
264
49
83
174
129
124
68
74
123
58
54
112
45
55
110
91
178
194
49
112
157
180
63
157
142
16
124
163
231
116
166
104
55
112
270
88
115
42
164
83
21
213
104
97
27
227
36
246
119
86
32
175
49
33
142
238
262
224
33
148
102
116
241
51
173
254
19
83
200
118
86
203
101
169
103
74
48
230
141
89
203
220
182
114
146
199
60
113
115
87
121
137
279
81
116
160
170
135
154
41
63
120
48
86
123
197
40
35
142
26
73
139
116
93
91
170
47
104
106
196
49
174
166
164
194
112
184
67
107
117
157
132
58
132
103
95
87
9
274
72
95
20
19
93
170
144
65
153
36
95
27
38
165
117
268
95
128
245
25
106
13
70
211
23
212
91
88
87
110
173
121
145
59
178
29
31
100
125
122
222
97
91
64
107
180
87
261
127
159
107
173
37
175
238
221
272
85
137
82
156
125
160
137
219
89
74
68
188
86
56
110
74
108
276
158
121
55
92
156
160
101
211
124
111
198
88
185
152
173
133
183
299
64
104
167
86
168
35
229
110
211
141
190
233
78
30
175
106
24
77
20
140
112
81
73
221
155
248
22
117
162
103
61
108
169
120
135
151
98
113
181
154
155
47
56
105
100
113
240
150
107
98
129
102
99
182
189
110
81
115
153
200
180
194
175
201
190
178
224
200
199
189
124
243
147
151
126
748
127
282
173
80
182
39
212
37
113
41
162
169
78
201
255
121
115
265
74
68
51
96
86
120
57
187
85
147
171
199
50
219
278
145
17
125
163
95
161
56
109
212
277
150
250
216
115
191
195
118
84
293
594
137
127
84
237
157
210
308
309
256
152
48
133
179
117
213
62
196
100
131
247
76
84
93
150
89
164
148
102
36
160
109
225
27
106
115
30
204
344
72
37
184
97
133
163
96
156
178
161
123
96
255
116
182
205
191
61
99
86
54
241
179
281
487
86
68
177
224
514
49
168
321
169
110
212
127
107
318
206
222
505
270
62
119
166
111
91
141
387
99
45
208
149
171
295
230
156
395
156
213
209
49
68
89
145
188
103
61
106
151
53
91
111
140
108
84
160
96
78
194
135
126
179
140
266
128
55
59
198
103
105
195
154
121
121
109
200
112
230
58
82
139
124
177
132
110
52
56
176
116
126
70
128
85
131
52
48
69
20
244
88
64
180
88
123
296
16
198
108
143
218
48
117
158
271
81
71
234
117
111
130
37
160
94
86
142
161
75
255
50
108
144
163
224
225
120
282
102
274
110
125
175
335
76
241
121
63
62
245
146
189
187
124
105
102
137
113
221
118
296
200
129
207
127
177
145
208
59
139
242
143
90
133
66
174
123
72
20
99
133
157
29
179
198
123
71
147
110
192
46
104
101
110
52
214
266
122
33
134
218
147
17
140
142
72
115
87
162
40
37
98
168
200
163
138
33
135
32
186
174
140
303
29
139
276
111
68
80
82
140
56
150
60
99
196
171
124
129
160
453
250
235
132
241
90
64
85
172
112
55
94
68
232
192
211
181
63
154
137
149
136
70
153
132
95
143
119
238
61
140
105
65
125
134
312
31
101
158
57
239
159
57
98
150
154
250
173
389
151
124
91
235
208
274
93
169
54
128
163
96
52
82
134
118
76
103
476
186
117
621
203
134
298
239
317
127
86
292
202
214
89
204
129
32
61
260
148
35
78
137
200
57
64
119
102
198
228
69
254
259
42
169
26
105
68
139
93
125
170
58
57
79
96
54
189
119
36
101
164
86
83
77
64
91
57
26
248
91
102
113
79
160
74
216
119
229
58
134
163
114
296
76
74
108
161
164
69
85
76
163
107
106
256
95
146
138
165
148
82
56
60
43
103
75
55
108
109
98
127
109
81
85
79
154
101
85
62
46
117
209
117
61
63
141
180
211
77
88
110
222
127
252
123
181
62
37
208
69
166
56
103
161
276
201
36
51
193
61
100
110
134
72
121
76
72
137
182
70
93
92
70
203
301
77
173
130
196
54
101
172
35
90
152
107
58
120
198
189
125
182
156
133
64
155
13
53
53
218
77
197
68
164
52
143
134
86
52
146
89
179
62
62
148
42
199
223
58
342
193
343
128
403
231
218
179
178
130
102
201
252
91
265
23
73
149
86
407
95
176
295
87
231
71
228
101
177
41
273
200
359
30
153
73
215
351
35
202
352
228
240
15
218
240
242
170
55
52
130
228
114
152
195
244
106
105
28
159
102
116
203
291
237
240
338
129
330
47
89
200
65
121
271
158
189
101
39
186
186
197
146
135
59
146
83
290
268
215
183
140
110
239
182
126
25
76
169
178
203
20
193
220
177
176
102
200
57
131
68
123
125
64
256
200
302
253
212
82
23
95
115
127
172
201
60
50
3
120
269
64
120
228
223
228
211
85
488
325
373
32
196
218
178
66
121
138
86
64
58
97
84
171
253
182
122
79
98
170
164
141
140
180
66
77
62
77
74
101
115
106
198
68
238
209
80
91
106
123
116
55
146
197
122
304
134
127
198
96
112
108
102
236
200
268
170
20
32
252
278
253
59
109
99
165
183
60
111
116
64
97
209
196
100
136
135
210
98
123
79
97
271
224
122
158
117
74
22
254
187
102
168
185
162
121
90
53
107
148
119
93
89
254
112
68
276
94
119
290
58
81
136
71
96
191
157
82
146
43
207
108
80
103
189
167
221
233
263
187
91
97
85
186
161
224
83
171
225
117
266
150
286
152
210
103
101
152
131
101
126
130
106
79
154
105
124
175
82
101
232
212
87
131
174
81
112
101
73
89
123
265
125
295
109
163
185
3
163
256
29
79
40
247
125
212
74
79
97
145
34
138
61
67
300
64
81
79
30
22
187
36
74
82
62
121
184
123
153
73
144
41
112
40
111
114
26
196
47
115
266
1016
185
61
95
103
233
189
27
116
160
107
36
88
173
29
185
60
88
108
107
158
122
97
122
245
167
23
163
208
114
24
147
166
98
20
197
93
130
107
24
208
65
94
136
128
28
190
98
73
55
24
108
188
185
56
92
113
206
43
29
151
247
135
61
103
29
92
145
170
69
22
133
131
149
114
80
87
173
71
71
187
59
82
119
134
246
22
91
206
177
70
71
129
193
86
38
45
116
71
180
47
42
81
189
53
74
100
42
106
39
84
35
96
182
178
89
267
175
19
26
22
74
110
53
127
114
26
121
111
184
142
39
44
189
44
93
213
108
62
47
116
92
170
119
37
160
187
37
129
73
183
35
48
119
72
143
214
122
25
150
138
97
98
42
153
49
159
136
125
95
70
138
79
103
212
165
173
185
95
202
134
29
55
99
96
187
150
121
76
91
24
32
68
21
41
78
31
137
57
96
119
178
118
61
96
87
91
197
203
142
34
101
127
144
190
15
123
24
191
32
31
124
147
80
104
177
99
150
22
171
99
162
103
103
28
124
141
29
189
102
263
231
192
29
98
87
99
183
37
101
87
161
52
15
137
67
163
110
125
182
75
57
111
145
102
168
67
119
149
175
231
216
130
24
68
75
145
34
26
32
168
46
121
194
98
76
192
138
69
82
35
117
89
158
197
72
114
42
200
49
170
81
281
26
178
111
117
160
79
139
86
181
84
45
139
17
36
27
211
115
76
78
121
164
19
166
106
89
100
146
200
57
98
173
37
153
33
98
178
278
223
346
126
149
126
160
39
69
18
33
152
126
43
179
120
36
83
99
152
128
188
87
76
104
169
34
199
104
77
187
89
82
102
138
188
218
48
84
73
178
124
158
141
117
39
250
129
113
204
202
338
196
138
158
312
275
223
105
266
44
195
114
11
182
9
26
168
84
185
94
154
202
88
61
103
54
78
230
102
167
213
215
879
154
401
41
216
239
69
60
94
73
162
53
69
76
62
118
195
136
75
61
126
33
65
87
95
173
219
186
183
171
183
89
118
142
226
183
103
41
112
151
42
275
259
133
125
79
165
60
142
51
175
165
110
84
222
54
23
234
223
92
200
142
279
36
104
250
50
26
142
62
36
143
262
60
173
45
152
55
234
246
167
291
58
212
115
185
307
186
668
209
180
86
84
41
34
270
98
204
49
107
43
107
154
265
34
59
173
142
207
59
152
44
88
153
113
187
149
182
238
178
195
239
66
218
59
189
152
246
65
71
31
192
67
141
220
252
100
101
27
69
98
229
238
107
31
197
65
143
89
8
141
113
138
70
46
133
73
164
78
75
69
58
88
83
100
60
145
77
272
96
110
33
53
50
122
98
67
110
118
96
63
85
132
157
156
129
100
82
77
110
111
89
98
74
61
201
232
157
115
100
118
79
77
93
111
52
111
90
263
104
152
89
143
146
134
159
100
138
117
143
104
104
136
16
116
281
123
76
98
162
157
94
192
107
169
77
52
190
170
60
125
60
116
94
114
274
150
112
89
68
128
126
134
19
19
231
132
40
84
65
106
156
117
138
228
85
78
115
108
176
161
107
213
183
259
63
104
44
89
147
135
95
142
171
232
88
173
118
124
152
179
242
163
139
135
47
142
118
129
209
154
209
112
191
213
129
239
160
143
115
159
73
97
90
220
34
160
79
79
127
76
144
137
135
125
242
153
44
49
127
84
124
185
108
87
98
294
148
81
172
171
121
113
61
178
158
144
132
221
159
88
59
77
96
78
80
111
165
151
238
173
112
177
120
121
95
106
152
141
138
147
54
192
186
85
128
117
173
213
119
202
151
1172
175
147
114
177
157
216
107
86
186
137
36
30
109
60
164
118
180
180
204
31
170
55
71
113
41
99
53
153
125
95
159
175
74
103
124
262
203
115
142
80
205
215
120
143
110
170
86
154
125
146
87
183
180
70
192
69
199
161
81
68
193
152
179
156
205
255
87
260
220
312
163
213
40
51
145
92
148
38
124
109
151
74
55
49
188
87
183
89
185
179
94
31
187
36
72
68
71
122
92
56
225
155
234
206
80
95
153
75
100
140
54
162
107
145
78
35
258
23
381
99
57
51
51
100
89
115
194
245
59
220
108
79
118
35
81
168
76
134
169
102
71
70
148
124
117
72
71
66
246
54
54
121
207
207
37
113
89
42
124
60
64
53
205
75
45
52
147
56
107
79
118
70
52
92
79
103
60
138
109
80
204
71
156
52
70
50
55
52
90
81
73
66
98
69
80
63
80
72
74
62
69
56
134
58
42
128
67
65
44
108
55
55
81
56
88
142
50
59
145
73
76
126
171
141
103
166
101
88
119
109
133
229
49
159
79
95
30
56
102
233
100
86
170
80
172
295
36
143
137
288
301
134
96
60
68
80
111
211
149
140
249
90
156
138
130
121
31
176
108
168
160
65
77
114
93
74
106
66
188
191
138
94
114
161
113
90
188
304
65
130
92
109
146
143
112
122
160
112
101
130
101
136
109
72
233
208
54
166
106
112
117
96
198
269
194
104
89
81
56
105
22
109
31
185
91
143
192
162
113
119
172
60
41
74
142
87
116
193
79
137
93
129
86
53
111
54
90
90
44
53
308
57
66
183
89
45
98
151
151
93
81
215
93
190
68
192
60
48
132
110
103
146
98
71
103
175
138
73
108
199
99
27
202
83
153
179
156
69
273
141
37
265
95
168
93
110
102
101
41
136
150
181
136
117
138
97
123
124
118
71
50
147
108
112
93
319
108
232
54
30
154
181
279
100
175
228
144
155
150
223
113
160
111
163
62
64
38
223
65
60
120
165
154
106
152
131
64
161
107
106
63
122
134
113
123
127
162
121
102
196
133
191
128
119
134
80
301
114
117
66
64
77
61
170
113
154
114
160
249
223
86
193
221
91
317
118
178
186
86
136
67
136
27
104
177
277
124
154
140
133
330
143
113
108
86
158
58
28
196
140
58
45
34
63
132
143
29
73
46
52
75
119
141
162
66
99
116
95
62
134
182
207
116
116
127
184
208
33
112
234
83
253
136
473
304
58
216
70
161
63
247
63
198
216
306
202
190
212
87
182
332
168
178
72
156
186
61
497
146
203
211
94
200
147
294
162
79
259
223
76
144
100
221
70
110
133
148
