267
246
236
98
166
153
180
125
345
77
314
190
110
78
332
167
151
70
108
264
68
115
99
434
107
78
190
94
94
934
184
91
650
411
385
807
147
126
193
86
100
248
193
200
512
135
181
398
124
164
272
233
438
804
803
128
86
106
221
128
314
116
112
258
140
159
118
86
195
96
312
79
137
345
166
190
232
147
140
92
83
147
289
148
179
65
113
141
82
87
387
85
93
260
446
362
171
305
379
285
330
634
338
620
193
140
117
130
94
797
109
110
95
104
86
255
47
216
752
188
92
580
117
110
278
66
113
190
257
131
92
120
665
93
104
269
89
225
93
155
93
142
123
84
201
201
82
582
109
111
259
282
444
169
371
132
106
371
242
140
69
70
149
121
78
679
136
156
52
638
497
110
303
80
139
56
179
477
137
87
186
134
355
86
635
85
111
86
473
186
121
173
309
134
173
315
159
172
248
138
141
104
212
103
182
202
83
349
257
74
151
160
117
67
105
564
575
131
188
93
71
151
132
154
138
129
114
117
350
223
224
141
142
85
71
377
93
131
132
309
68
237
55
146
97
60
96
98
821
273
408
128
152
112
105
153
438
702
209
77
110
111
207
82
145
691
62
380
112
151
246
397
146
140
116
1288
1885
68
200
246
397
271
122
68
88
275
221
228
951
96
77
198
244
419
259
94
107
216
232
110
74
103
120
101
64
174
102
298
763
167
179
103
825
320
132
482
434
183
353
78
111
113
175
150
103
179
115
119
224
132
336
104
304
199
108
461
142
129
244
386
210
123
54
385
160
129
271
283
1439
137
127
198
209
331
83
203
200
222
245
138
774
156
141
117
572
161
244
105
139
181
136
245
227
891
259
137
97
248
115
179
99
573
122
63
221
137
124
100
258
197
251
102
157
160
144
513
883
201
197
180
103
172
214
82
115
128
105
297
272
134
90
260
260
277
963
164
150
255
208
85
126
100
70
299
242
76
104
94
158
163
208
248
163
278
137
75
306
236
134
178
138
241
153
80
269
113
99
172
218
307
79
91
75
166
197
117
88
133
77
270
287
146
234
76
63
135
199
148
103
95
97
150
195
55
225
243
261
68
153
412
403
145
213
88
169
111
334
279
111
107
148
236
110
68
174
165
209
170
230
205
170
108
302
161
135
79
229
77
132
116
125
133
174
86
330
87
223
171
71
118
126
156
136
184
243
256
207
299
126
88
228
229
131
151
128
76
61
106
106
81
89
128
200
98
289
151
278
539
179
161
104
268
58
132
126
108
124
137
700
84
94
110
171
166
176
171
107
90
199
123
429
53
156
80
62
92
104
203
126
228
90
537
230
49
282
406
118
153
101
125
246
504
105
93
91
298
96
157
300
210
169
259
128
86
91
88
124
209
191
212
85
145
199
151
81
102
94
148
55
203
122
175
131
264
78
115
149
209
180
164
213
74
185
54
136
169
241
75
152
97
124
172
102
88
79
133
173
116
118
105
202
77
140
87
116
207
149
81
65
201
222
151
157
154
194
86
210
244
206
198
207
195
200
113
132
166
110
105
94
257
120
85
266
323
74
98
206
266
211
160
152
527
150
52
249
278
489
205
135
99
81
62
84
87
63
89
129
109
145
203
237
260
221
103
89
116
231
93
367
239
123
182
126
224
274
91
131
143
188
103
77
169
132
93
104
204
49
179
262
244
173
223
100
131
276
318
100
196
194
128
127
102
130
144
124
148
146
169
109
100
70
250
219
223
209
65
218
336
92
96
125
135
147
220
58
77
68
283
209
165
182
103
104
243
150
321
95
168
78
179
100
136
135
91
357
199
152
143
77
375
341
114
146
73
81
42
239
361
378
296
151
132
127
110
815
117
105
119
119
67
60
54
187
354
122
124
97
280
170
71
69
118
183
185
222
560
213
87
113
212
157
379
192
112
127
158
218
263
60
125
150
103
188
58
56
145
125
44
102
83
104
171
193
95
163
130
151
339
287
124
120
81
117
106
208
133
127
75
148
101
118
52
181
770
106
66
83
141
206
449
64
87
202
97
69
1139
129
151
79
126
95
193
600
58
135
153
118
256
66
115
142
173
80
126
140
101
185
127
410
251
300
122
83
248
145
139
124
112
113
93
97
384
158
174
94
154
114
117
105
57
108
114
726
91
129
653
57
97
167
299
79
178
141
303
250
70
50
75
371
111
72
182
108
156
63
353
374
359
364
148
248
47
85
66
569
149
77
70
135
113
91
589
166
82
203
392
128
266
43
106
225
273
197
386
81
136
128
82
66
795
501
345
56
327
102
71
134
173
192
65
82
428
145
81
72
57
176
232
87
182
42
73
89
102
159
277
371
169
239
52
156
52
446
297
119
113
127
126
160
123
66
69
52
581
127
140
266
115
216
46
185
89
267
60
55
65
233
123
109
70
98
195
305
51
167
107
490
109
302
150
98
613
298
79
136
124
127
350
220
147
402
150
355
694
314
148
287
702
267
225
142
139
469
64
260
196
66
565
743
194
331
151
189
110
57
81
115
119
132
475
65
53
178
68
110
184
44
93
79
163
95
665
162
100
275
47
122
386
49
152
589
308
124
237
75
245
137
435
165
120
620
270
234
331
73
47
467
80
254
96
85
71
272
69
88
215
155
325
622
176
306
87
201
119
210
45
136
235
183
142
597
302
616
215
63
335
186
41
319
625
236
509
296
312
223
256
77
44
47
251
159
123
60
141
257
97
964
741
304
201
193
278
502
743
241
301
246
142
138
168
98
389
1088
213
106
195
136
341
55
166
239
887
361
564
252
490
657
423
275
524
364
1104
327
572
351
871
733
399
257
216
222
330
314
42
286
737
128
399
129
407
415
86
610
135
1247
694
245
750
712
1231
1193
192
267
634
274
356
309
558
651
422
1279
1600
714
155
100
153
112
1107
299
1115
592
109
936
310
609
71
514
193
333
306
759
446
225
461
392
272
579
142
164
958
554
236
339
143
103
100
77
253
59
95
212
266
95
104
204
86
269
115
78
116
484
608
253
128
62
98
249
356
69
1488
587
729
119
59
204
51
90
224
86
83
201
136
56
81
50
209
703
332
99
957
920
361
260
278
147
128
662
148
159
277
227
126
454
106
217
1256
438
468
336
143
399
514
99
139
178
180
245
175
246
288
338
191
589
331
529
317
1101
204
891
241
886
507
1716
438
250
291
224
638
416
453
416
290
226
296
222
374
322
439
608
399
358
460
377
243
357
259
155
287
405
384
311
334
307
349
217
125
280
164
830
411
489
239
412
879
302
309
1156
1145
1145
1262
305
273
100
257
315
1015
419
689
196
98
137
117
142
251
308
165
77
480
135
415
125
92
134
393
134
167
150
256
156
174
169
208
201
391
322
79
234
411
135
237
367
352
247
242
231
106
218
100
265
114
512
171
175
465
85
551
1270
199
608
547
448
144
1302
704
89
93
90
166
155
187
87
116
110
261
79
193
157
185
350
79
90
69
565
202
111
266
706
334
461
1206
275
386
436
886
73
562
573
410
199
62
165
157
78
169
382
280
131
160
779
1199
106
157
189
162
360
173
124
158
175
636
500
399
708
458
937
304
600
283
707
230
1002
551
106
572
280
467
572
280
467
489
420
688
522
465
111
69
181
654
61
90
1328
412
94
479
331
301
101
158
321
264
183
216
138
220
517
102
63
126
184
404
567
88
596
96
131
922
142
153
133
106
734
317
361
405
934
578
603
559
606
830
1261
1274
448
1255
258
287
176
397
423
267
816
983
411
405
347
405
384
225
1484
750
839
336
261
361
662
226
173
1116
476
235
402
82
611
178
226
88
133
311
100
418
143
141
98
169
65
132
160
148
123
748
682
716
66
691
418
140
158
241
119
629
324
206
460
504
129
136
358
73
571
304
134
134
86
102
125
111
116
141
177
510
132
118
940
753
249
1556
622
210
169
243
157
62
166
137
102
279
267
118
341
450
148
280
280
632
175
187
618
545
882
65
219
185
320
255
199
234
820
287
220
94
367
179
388
611
322
258
192
221
400
180
189
202
150
117
980
445
560
489
547
236
861
373
2055
558
519
168
102
1230
144
708
273
171
181
758
221
451
286
161
548
229
377
945
147
255
168
614
1360
213
353
137
629
229
180
99
97
97
91
128
175
267
86
522
120
869
240
74
229
1201
199
140
153
164
147
244
72
86
64
291
895
951
981
518
362
217
344
964
98
352
102
154
151
897
934
755
68
862
278
391
523
90
103
235
278
232
519
301
374
406
93
231
818
828
702
672
514
786
723
553
544
375
759
608
534
582
477
135
177
298
745
406
534
238
277
168
104
313
647
676
125
239
224
66
646
158
128
482
59
73
164
465
163
398
813
919
1529
158
145
270
378
264
80
252
272
181
283
80
391
860
182
136
493
60
429
57
136
92
176
90
82
199
803
260
418
531
201
201
78
128
827
90
380
118
272
187
89
101
205
97
42
170
111
254
67
160
165
286
81
214
202
176
47
468
185
428
1406
1406
73
95
54
151
161
28
153
82
36
37
119
74
36
86
73
94
75
90
96
192
1419
226
251
552
623
503
539
854
216
129
214
752
198
716
716
147
63
182
177
40
231
153
95
31
734
183
142
128
271
150
75
547
65
184
159
209
117
105
109
160
60
137
388
137
1229
1290
61
78
629
684
187
337
370
119
113
378
415
101
198
198
447
295
180
122
65
72
356
365
121
239
53
292
790
166
525
79
146
194
284
327
204
285
127
121
107
101
163
344
140
69
185
174
156
149
261
91
147
156
108
180
178
191
201
187
213
412
283
543
231
228
393
156
153
282
86
269
80
387
197
131
868
412
469
91
443
193
55
720
185
52
118
162
89
124
314
147
165
171
52
530
1102
400
232
202
540
196
148
788
102
709
181
100
825
129
178
332
375
261
70
54
162
239
113
293
41
479
177
70
587
1047
410
219
338
747
762
103
164
99
764
669
232
710
167
129
131
157
92
138
757
119
96
420
328
177
599
124
161
123
142
443
55
269
136
75
61
221
442
428
706
126
373
111
193
200
109
202
137
182
99
1020
797
231
1362
429
203
198
822
199
209
117
170
213
95
279
116
59
67
100
351
654
135
102
64
161
834
591
243
250
171
151
124
96
96
259
279
366
135
665
117
144
130
115
88
348
289
125
582
168
117
95
302
112
64
32
83
83
265
256
670
1630
377
71
86
72
322
79
79
341
71
110
617
139
786
208
163
565
381
380
804
119
166
112
189
54
661
677
381
68
537
569
344
287
165
404
220
130
200
123
513
491
74
115
722
54
108
110
66
210
730
731
95
689
136
131
82
171
558
70
63
484
484
191
142
574
363
202
58
325
116
469
203
156
1123
153
165
221
273
170
331
492
636
955
231
115
169
161
493
182
157
77
69
35
52
54
536
399
390
68
59
99
140
110
84
475
209
145
412
375
853
176
131
126
121
94
276
96
232
176
122
215
133
64
107
64
112
144
160
101
125
83
84
386
662
938
111
137
112
559
128
330
281
281
697
160
139
642
642
162
86
133
56
91
125
281
79
426
56
123
199
209
270
143
108
89
199
302
116
152
328
50
215
146
222
243
116
118
106
630
364
41
369
136
270
643
280
42
41
115
37
264
229
248
92
121
143
220
568
1561
1221
436
159
59
91
81
108
96
227
63
54
216
493
143
150
74
156
190
95
171
108
93
210
108
119
195
200
147
151
249
292
357
284
141
662
93
329
94
949
415
337
759
403
140
117
44
101
231
559
401
617
135
199
86
192
239
88
417
383
801
568
331
387
512
309
114
288
94
119
375
682
397
653
998
297
431
713
284
570
218
248
166
146
626
116
139
113
99
223
275
73
174
1068
81
54
72
127
64
86
288
277
278
82
179
58
156
276
425
107
155
66
67
248
55
345
197
584
319
72
162
102
336
171
158
106
167
114
196
142
44
136
276
156
148
548
119
145
246
160
344
81
84
61
188
179
136
177
157
70
95
56
249
209
69
71
543
347
162
133
115
69
82
128
218
93
57
59
166
113
427
246
159
261
330
62
179
163
236
86
110
129
92
705
139
69
216
359
561
146
798
295
245
192
317
174
155
62
63
171
129
166
180
735
240
330
372
94
283
122
162
69
133
30
96
103
131
155
74
113
178
115
86
122
122
79
170
98
133
156
141
145
87
1351
173
128
143
138
70
76
246
73
64
139
185
75
148
163
195
71
120
123
123
345
67
108
177
96
138
71
317
110
107
134
187
146
81
108
134
136
108
189
302
211
86
104
242
73
147
293
154
141
135
325
75
85
95
105
511
80
133
203
88
89
84
94
237
123
317
335
60
135
135
67
128
128
95
117
290
96
1122
84
83
117
107
78
136
61
93
50
98
183
69
61
140
69
80
509
84
78
129
110
215
240
64
86
143
138
142
233
90
385
91
63
56
268
74
105
47
126
87
72
115
93
120
136
160
101
710
226
111
240
90
43
76
52
91
467
166
181
721
139
254
110
93
59
57
118
99
118
85
174
72
86
367
143
220
78
290
87
69
219
88
127
131
111
49
250
161
273
172
53
159
81
252
85
78
199
137
118
53
71
274
176
101
115
74
175
479
394
129
83
169
168
167
187
83
418
56
107
260
107
116
55
73
300
119
165
83
157
78
83
74
105
74
87
174
32
201
69
112
82
142
195
131
77
130
257
78
101
126
330
168
99
175
208
91
135
150
179
61
128
248
167
204
204
117
132
77
31
237
67
371
95
195
151
400
244
103
180
148
159
423
218
365
194
181
389
88
107
60
70
310
258
88
65
172
56
100
177
595
162
228
122
420
181
164
377
244
366
538
168
300
293
233
251
130
360
172
672
527
239
444
770
355
229
330
146
640
218
132
319
169
191
327
211
271
309
161
905
1179
55
75
63
1115
335
83
1286
1263
1022
77
60
2080
731
3098
1232
1181
602
629
53
63
1451
543
83
65
5251
50
3497
1078
1057
689
591
237
60
540
54
72
81
461
1057
210
1180
788
4124
2370
122
940
980
2118
368
2718
71
94
155
124
63
722
963
370
52
775
1061
75
1028
77
83
58
151
1266
423
839
1923
423
212
89
85
667
191
763
76
59
252
83
3216
48
73
78
1009
862
1172
574
174
3575
76
63
62
3416
183
975
55
267
766
612
1684
192
642
390
266
266
439
152
22
317
290
107
95
289
162
326
167
26
358
236
258
460
117
336
271
326
197
282
175
223
367
247
123
362
261
313
181
244
31
217
317
82
82
43
72
153
184
289
211
51
241
53
225
83
294
262
237
268
85
87
426
67
313
240
166
295
358
207
124
285
35
357
335
123
36
69
305
284
282
145
122
202
168
205
416
168
41
78
102
192
237
107
265
264
144
246
107
149
242
378
165
91
562
233
366
33
152
32
86
86
275
121
272
228
181
146
420
41
197
419
241
303
150
211
292
281
207
202
247
95
221
363
48
113
99
189
138
140
123
86
106
78
154
88
92
156
142
210
94
72
222
70
81
139
86
146
170
110
123
74
74
124
74
119
99
211
218
111
61
2114
1469
166
56
67
718
70
93
68
100
54
2241
74
73
383
88
68
60
72
139
101
123
122
99
79
122
123
70
72
58
310
144
96
154
253
89
82
99
82
78
181
70
140
59
86
70
64
85
74
77
135
86
87
68
76
83
79
1797
209
185
88
101
198
82
92
84
266
1207
449
633
246
175
66
156
195
197
192
139
179
162
209
168
176
110
125
119
170
186
203
227
166
201
128
436
254
334
140
353
410
597
107
468
288
205
144
224
186
153
147
282
139
180
108
617
344
222
530
288
235
200
379
538
267
319
154
258
168
214
266
291
274
104
228
324
1447
119
83
1033
151
217
1665
106
216
260
458
71
69
231
69
207
300
131
93
301
2831
116
95
323
840
1403
1800
2835
123
211
423
2108
810
1297
101
132
619
314
841
61
200
307
3019
2411
2231
573
72
193
59
3383
77
77
797
74
65
54
234
202
309
277
65
75
167
180
908
224
208
84
469
1129
839
56
2895
1831
1144
22
72
61
108
682
172
1165
1186
1918
53
65
394
123
82
190
85
181
172
499
280
109
221
84
41
104
97
103
140
121
291
303
348
84
179
78
46
173
260
228
339
98
268
58
100
123
56
252
306
132
272
341
248
107
139
210
70
159
290
87
152
134
157
166
226
231
110
192
196
123
63
67
233
279
140
144
160
298
237
155
295
102
154
126
122
155
179
183
146
145
191
148
127
174
107
85
162
293
303
190
206
319
134
138
113
244
160
221
62
131
91
172
104
252
94
133
171
259
126
131
239
242
298
121
114
293
173
563
192
314
83
361
265
60
308
120
196
155
145
50
206
249
291
198
82
167
118
236
183
202
257
152
134
148
86
88
522
132
256
189
118
168
199
184
162
123
61
161
420
211
262
234
177
117
120
114
253
184
98
128
223
286
324
320
187
220
164
199
280
273
147
226
141
273
180
176
129
209
382
174
238
283
254
280
120
195
295
354
69
273
195
100
164
240
880
160
144
89
109
170
283
1153
60
101
70
1612
2405
2856
1048
1924
3704
2846
3798
734
339
1227
208
1102
65
1649
1864
2875
374
1456
1636
723
2001
249
132
110
94
138
20
36
23
18
190
250
22
62
16
426
27
66
74
25
20
18
98
18
62
24
17
23
188
116
22
26
37
39
38
155
395
30
311
27
31
96
104
95
265
107
65
414
184
263
100
217
70
119
38
30
58
71
56
199
110
80
123
152
92
228
76
266
343
331
32
114
25
171
685
62
334
33
187
135
711
55
550
95
177
205
208
338
167
136
481
539
1494
503
352
971
3200
70
3207
1529
167
213
32
300
160
247
89
292
193
264
81
137
323
186
230
126
311
78
82
83
90
230
55
277
22
130
60
165
178
154
48
170
197
70
120
49
29
369
142
110
109
87
349
28
33
263
347
328
160
128
150
201
325
294
220
150
53
188
288
93
92
94
343
228
172
179
156
183
60
85
161
543
35
181
282
207
103
170
35
160
156
198
112
317
97
188
160
200
199
144
124
63
37
87
453
144
106
172
59
270
132
261
128
58
150
159
164
126
43
141
127
359
39
52
26
39
254
78
93
95
219
251
336
128
353
284
79
138
276
275
121
306
121
268
123
173
232
122
118
85
135
92
125
106
99
130
86
108
152
50
225
163
290
338
299
445
206
277
125
112
112
132
86
55
82
188
388
111
59
123
186
212
161
106
138
150
91
111
115
134
147
46
83
52
108
123
303
135
68
79
116
113
110
315
281
88
72
246
106
149
45
277
59
143
156
150
137
140
171
269
76
136
133
68
163
122
93
119
233
139
62
93
80
92
107
135
191
989
66
160
127
284
118
148
208
163
137
92
243
191
121
263
225
212
186
74
52
95
149
189
149
93
158
124
174
203
273
276
1098
290
76
286
182
151
200
260
441
249
137
136
306
325
126
387
196
125
110
411
350
280
232
85
101
209
98
105
128
229
106
146
58
91
230
184
286
186
286
196
120
307
63
81
106
97
347
195
115
117
120
220
275
210
184
64
225
150
166
234
77
142
475
252
169
125
200
135
37
173
208
219
271
194
346
161
137
143
117
118
267
129
164
558
130
228
280
198
186
468
324
150
280
257
216
177
229
430
78
273
910
122
163
157
117
128
62
61
125
227
117
186
142
93
272
66
66
66
269
297
208
258
273
252
195
83
84
109
83
90
200
205
148
136
165
224
150
260
184
237
124
293
185
320
262
122
543
107
143
134
195
254
88
252
141
193
55
148
78
155
179
251
199
308
156
250
201
94
344
934
132
167
143
262
161
97
462
88
296
126
71
144
39
295
85
309
211
85
165
206
107
274
267
50
220
104
298
220
49
292
96
153
164
146
57
275
168
243
146
168
131
213
306
78
166
121
60
93
125
148
180
63
111
72
143
362
139
345
81
357
224
260
149
335
75
65
102
330
639
209
203
52
322
162
1176
553
176
251
385
236
652
846
1678
386
950
272
2964
425
132
90
95
220
105
348
105
76
198
87
97
299
90
299
105
204
144
331
327
139
271
180
328
412
414
229
159
98
182
99
107
205
138
65
132
95
91
222
428
163
252
233
286
226
105
337
200
194
91
222
78
91
99
182
243
106
146
114
89
203
303
198
503
104
283
363
505
218
219
304
170
149
147
101
178
446
65
181
94
138
103
204
392
105
313
151
698
107
157
138
291
184
133
291
235
112
232
404
393
71
177
123
100
142
174
287
304
215
114
194
255
146
167
151
178
68
445
150
220
141
172
206
402
195
194
276
552
179
699
105
139
101
326
197
95
170
184
450
109
555
227
277
254
195
64
198
115
234
110
165
92
77
92
82
188
188
118
176
167
210
123
176
113
107
165
177
174
229
248
502
961
221
266
94
146
210
118
134
184
420
103
160
109
115
111
105
143
314
147
163
156
373
73
117
271
138
165
414
127
64
175
115
59
210
131
119
780
241
702
218
103
199
427
109
167
100
120
61
135
263
87
238
287
137
114
162
265
207
195
97
180
199
157
232
99
221
165
99
111
62
120
136
547
87
235
71
284
243
66
240
206
71
331
112
169
557
491
178
137
166
154
390
101
291
212
124
241
281
175
344
161
213
265
183
347
111
141
99
206
124
349
237
42
34
191
331
507
42
216
131
171
385
269
398
192
89
388
559
719
49
240
833
474
289
917
120
86
152
361
28
487
102
153
129
59
248
186
397
154
433
366
160
329
302
444
58
377
296
286
354
345
105
131
387
168
100
278
94
74
124
152
91
282
212
155
61
647
305
189
312
68
287
68
178
229
128
136
215
199
154
262
204
147
82
137
187
117
168
293
593
568
300
141
1544
609
417
2567
650
801
61
2415
536
137
276
74
84
148
243
208
181
208
187
110
230
147
37
147
38
283
148
284
267
198
148
247
250
177
276
69
160
197
151
135
230
48
105
122
150
106
171
169
166
30
101
273
141
47
30
137
237
138
172
100
216
163
231
229
255
137
190
181
345
211
284
210
171
157
172
206
184
177
182
132
102
161
29
138
145
132
236
233
260
160
150
80
105
91
146
49
576
178
388
400
273
143
117
142
152
324
322
86
239
245
265
145
280
59
107
111
68
181
415
386
86
264
190
31
66
609
91
60
135
270
193
131
309
633
882
46
41
524
179
251
149
422
200
116
117
302
256
214
80
1112
453
2014
1310
460
1379
172
901
2854
791
721
143
82
164
137
75
85
166
98
185
102
94
169
206
143
64
98
124
73
68
91
220
220
44
113
312
107
55
138
236
55
87
261
67
68
91
240
80
132
185
157
161
230
116
645
467
51
136
133
108
110
40
122
160
143
38
218
178
49
120
214
192
88
141
145
228
291
204
67
103
203
98
79
125
158
70
162
75
129
129
57
90
93
51
209
73
95
237
141
79
183
119
100
102
192
43
205
51
199
78
73
150
70
226
132
214
123
285
207
112
169
182
94
82
128
110
94
153
259
324
134
52
372
154
216
115
67
165
166
76
100
123
117
147
232
185
68
122
71
76
187
172
85
107
322
195
200
62
135
138
176
80
108
208
108
319
458
24
338
30
357
315
44
258
108
99
73
24
26
209
20
242
505
93
75
22
224
129
112
21
40
188
161
187
158
84
16
25
111
162
192
93
567
33
315
355
194
214
210
171
216
244
386
155
130
278
239
59
277
178
103
148
26
91
92
189
141
178
28
32
570
139
80
53
260
55
30
86
57
100
154
32
176
157
246
133
40
42
222
359
289
121
45
136
76
96
32
137
238
170
340
82
45
140
245
154
175
59
24
298
98
145
79
299
29
178
184
185
106
314
201
114
151
64
72
53
206
344
188
357
80
81
249
66
391
394
152
290
63
414
195
51
235
238
182
782
96
177
137
275
562
95
163
320
262
303
128
164
154
229
420
203
66
439
445
324
1119
1408
805
153
220
364
613
105
181
166
148
49
350
212
230
115
80
72
157
110
429
193
155
178
216
373
373
140
87
88
106
94
178
212
649
144
85
74
208
176
387
120
119
133
118
114
368
495
90
167
63
82
78
100
80
450
123
106
123
106
62
90
232
102
95
105
228
131
230
131
97
116
257
456
493
130
133
226
160
70
209
134
156
86
168
152
178
89
218
174
151
171
236
225
162
221
140
180
134
218
125
286
238
151
146
110
93
183
336
251
182
49
136
72
283
181
118
274
331
44
78
257
217
55
117
71
309
283
161
101
26
89
53
52
268
252
122
131
277
235
200
281
412
294
75
137
84
89
122
230
168
100
356
78
162
200
146
52
138
234
176
305
239
309
132
398
288
94
75
149
123
128
270
254
389
71
39
206
285
136
176
254
112
681
288
100
493
70
84
114
165
80
178
197
84
374
136
165
79
291
112
166
106
181
170
38
294
364
121
91
167
135
144
144
85
96
124
524
196
312
127
52
86
99
129
93
78
139
374
374
154
126
160
104
256
197
164
149
226
182
166
180
187
209
286
173
181
166
192
186
163
110
100
159
152
183
182
179
173
504
156
142
165
119
132
219
126
117
150
571
239
127
59
308
85
151
157
163
408
256
271
229
239
225
136
148
381
72
148
190
178
150
696
179
169
172
128
135
173
329
202
135
167
119
116
151
134
390
279
246
205
190
150
117
100
113
142
166
129
84
183
151
332
401
158
145
135
115
144
197
96
204
175
122
169
305
181
229
316
189
134
243
339
173
126
178
92
178
263
257
536
293
44
57
530
388
1066
192
231
303
211
174
169
533
756
424
314
363
883
225
240
113
57
136
1235
174
150
334
220
180
398
418
388
1413
360
372
862
1005
644
195
364
475
519
851
558
106
18
335
372
104
340
230
356
90
84
108
251
131
332
335
206
447
433
271
422
301
331
264
307
141
335
178
368
255
278
257
40
124
335
410
347
315
348
313
320
300
88
86
334
317
492
632
423
255
386
725
398
255
521
382
64
525
76
228
63
513
278
150
334
359
552
187
154
445
2514
1986
1444
2833
2135
411
298
175
128
717
130
115
86
84
118
386
165
163
109
115
183
302
300
171
112
756
207
347
182
159
126
410
289
214
196
84
190
101
266
109
101
64
310
114
214
95
95
153
72
107
206
197
80
156
74
69
157
125
131
415
119
98
149
108
74
68
146
134
103
179
142
318
303
286
318
259
95
269
354
190
245
302
90
77
217
272
228
125
43
291
115
274
331
154
296
291
241
130
258
329
374
170
120
108
140
171
281
286
181
230
355
157
233
337
237
335
454
207
322
90
257
78
295
280
3020
3467
3501
2548
1327
2810
1628
3002
1462
3090
2117
3636
3479
227
244
138
70
408
74
406
354
114
144
69
283
202
596
355
100
456
258
249
711
212
244
344
425
36
212
71
254
146
71
166
326
125
321
485
519
891
85
546
101
172
33
874
107
138
147
164
432
899
112
130
290
356
36
137
210
246
121
74
452
253
498
101
162
458
134
286
602
451
455
344
186
100
37
149
165
93
275
217
189
3133
482
1913
285
102
52
146
160
101
144
293
145
459
247
173
194
124
277
245
557
182
196
176
363
314
45
103
295
292
105
249
210
129
191
40
241
161
174
46
60
49
197
57
155
48
334
82
97
154
153
167
133
139
202
147
277
59
483
193
271
138
313
429
67
274
46
93
331
80
196
122
255
62
152
56
113
44
182
259
136
157
204
211
160
213
77
151
155
194
325
76
119
273
343
396
261
53
148
75
128
53
420
369
112
371
145
211
297
398
525
662
198
640
402
68
286
431
359
328
384
186
186
127
127
80
207
123
159
124
210
174
157
113
90
176
238
71
137
188
153
208
46
52
144
210
64
64
99
239
100
84
146
146
220
949
112
97
261
169
167
223
117
114
540
97
20
90
59
102
50
82
24
53
111
263
133
24
117
91
397
160
34
48
75
83
106
315
225
95
94
115
153
146
86
143
123
155
102
82
115
106
41
59
109
131
328
72
64
99
184
170
92
132
140
69
67
91
108
51
60
125
103
260
85
74
661
83
35
59
40
1163
641
353
144
311
376
132
415
380
82
169
245
852
87
176
126
198
139
127
545
109
102
163
106
139
114
207
311
281
250
134
438
202
232
170
288
108
99
97
268
220
61
376
233
161
226
512
111
286
49
155
148
74
31
141
75
123
287
139
230
406
216
82
98
119
161
100
120
244
92
120
114
157
286
255
168
103
195
168
394
201
132
119
369
105
214
288
381
291
307
89
164
164
201
223
104
105
132
201
176
83
239
74
115
61
295
127
104
324
80
714
133
95
218
132
134
145
150
47
110
119
308
203
184
132
78
232
319
184
401
96
88
63
115
249
475
98
162
103
361
298
308
104
182
267
309
237
415
139
336
335
559
379
344
303
280
370
328
193
331
335
164
167
101
171
334
490
194
180
274
275
284
103
427
196
173
162
152
245
91
163
234
541
157
42
172
226
101
176
73
370
307
132
413
303
90
704
277
216
2806
741
72
61
860
41
1445
886
320
865
2176
532
957
64
4448
951
2429
319
248
543
530
197
263
20
96
144
150
127
138
318
62
153
290
129
85
107
248
96
96
41
61
380
344
74
151
164
57
243
557
286
181
143
184
68
213
394
57
176
152
74
220
125
132
92
61
175
355
463
161
174
296
143
251
262
217
161
67
308
46
289
246
75
72
150
242
36
222
333
165
216
101
176
282
188
257
671
54
211
89
196
212
133
300
169
1110
131
187
78
162
69
188
167
456
116
268
403
234
130
172
102
617
62
68
169
252
244
56
71
107
61
179
458
555
929
200
128
99
203
145
145
234
84
115
212
386
159
371
91
217
150
48
264
42
280
217
274
740
280
124
61
106
124
68
112
151
168
106
61
154
343
342
251
52
48
243
73
609
111
101
79
60
50
77
50
57
79
101
105
413
87
113
88
79
59
364
104
67
53
111
60
241
342
191
107
52
135
101
73
60
204
398
70
187
54
191
129
90
98
76
258
60
119
124
109
69
178
188
48
123
146
307
128
111
72
115
82
199
269
110
79
104
72
63
80
280
169
154
78
423
359
115
196
70
394
210
211
254
234
1262
59
120
76
136
43
69
168
63
117
155
190
98
120
186
81
118
75
131
139
152
110
110
296
96
70
2816
331
1175
350
173
3403
100
194
293
194
128
171
243
220
131
195
515
46
53
200
174
42
123
175
84
121
84
102
510
128
61
95
125
110
72
104
147
147
32
68
112
114
87
56
68
210
115
63
39
116
92
108
185
104
100
154
174
188
121
103
109
72
127
108
85
71
69
101
76
115
80
118
135
48
154
55
175
55
74
178
211
199
149
21
118
130
188
169
22
48
78
61
225
32
27
59
24
120
220
76
21
31
217
36
25
31
94
82
153
41
155
43
97
401
151
98
146
106
48
304
147
34
43
84
89
117
34
26
26
36
28
33
37
34
54
30
386
58
35
42
73
100
203
26
229
325
100
91
41
77
85
196
53
1077
193
112
56
33
185
146
50
141
222
213
495
174
65
55
131
71
200
71
40
262
282
197
62
136
178
175
69
72
50
128
167
130
49
138
89
58
48
326
61
61
126
350
35
142
325
125
286
89
95
253
76
49
66
181
69
131
403
255
91
269
53
84
56
193
138
69
241
323
41
109
69
380
43
119
73
151
370
36
42
407
57
196
975
97
195
780
222
353
152
123
422
589
94
93
123
383
224
238
142
178
27
209
93
422
25
205
22
155
49
30
174
94
162
327
44
184
143
158
120
163
161
113
145
109
113
191
167
151
246
125
74
65
149
245
122
122
185
227
142
99
311
119
154
115
187
118
100
140
79
351
96
109
146
280
261
120
153
156
169
202
69
177
193
212
342
195
191
147
636
134
246
132
35
44
170
140
107
212
277
192
54
158
91
130
152
468
301
387
166
787
378
117
360
67
105
107
238
243
135
115
118
272
467
90
99
100
294
794
78
276
106
42
336
126
331
215
264
64
95
247
191
82
108
66
248
310
90
371
116
249
37
309
351
299
149
109
59
89
317
105
116
29
125
269
366
485
251
389
169
171
153
140
352
140
179
169
219
182
184
186
156
165
142
58
188
279
99
156
167
263
272
264
326
251
138
81
122
93
75
223
134
209
168
88
103
348
147
127
118
87
324
366
154
114
307
380
366
333
73
147
173
70
258
161
281
116
333
139
277
344
74
286
166
263
140
178
121
162
94
397
270
157
230
150
323
149
144
152
360
95
144
128
121
109
178
275
243
537
246
266
256
328
248
264
209
227
308
199
432
262
263
64
60
55
134
123
175
108
86
142
123
340
191
193
266
248
285
335
343
69
106
332
74
251
133
143
134
130
167
120
81
161
122
217
300
349
172
64
173
222
216
148
306
96
186
88
270
98
263
310
277
120
139
160
127
359
122
180
280
210
173
226
139
156
143
127
276
219
347
332
320
124
251
248
239
107
234
61
57
102
193
98
222
112
59
87
101
102
132
90
102
113
63
138
286
161
153
126
74
65
96
107
83
164
178
196
228
250
333
124
76
140
59
60
103
100
82
57
87
118
178
193
150
253
110
57
181
143
119
193
135
113
69
217
99
241
93
105
73
110
73
82
109
38
87
585
131
82
197
93
185
228
82
33
172
228
60
43
73
43
267
133
44
79
173
388
106
64
66
233
149
196
94
77
141
213
229
106
155
92
32
110
49
101
439
120
47
271
271
145
300
166
555
107
133
36
50
38
268
63
103
173
146
203
112
170
94
50
55
210
70
116
288
52
46
121
149
135
70
280
51
262
114
50
116
137
69
172
210
83
99
427
56
561
26
27
24
224
189
83
98
25
19
323
29
24
25
118
191
157
93
86
102
126
72
102
64
213
24
40
101
143
91
57
518
75
36
229
143
187
174
158
110
394
150
181
33
62
310
127
78
343
329
42
578
90
83
85
496
142
43
61
320
302
146
50
149
343
35
106
687
177
71
613
70
48
77
83
71
55
112
136
225
122
146
196
185
39
288
150
592
322
300
208
286
63
405
177
329
292
51
419
545
298
191
340
384
101
73
306
148
248
607
133
193
42
89
547
334
322
165
148
279
605
140
485
127
60
125
291
199
60
58
58
183
928
283
338
64
179
130
193
189
364
387
106
74
165
45
91
130
226
213
243
46
490
56
55
366
275
306
342
51
95
318
67
271
102
173
247
156
44
55
540
53
202
583
49
70
128
158
136
83
66
270
196
150
255
87
96
476
129
238
63
380
114
84
155
224
61
57
75
84
358
304
60
97
138
95
150
114
151
496
87
103
244
175
223
725
147
122
76
72
70
170
79
72
95
79
114
116
58
87
83
69
120
84
50
78
86
142
189
214
770
154
156
132
120
212
154
259
338
169
60
369
97
213
84
45
72
150
239
149
113
199
267
190
241
128
91
98
222
107
63
148
113
188
157
206
64
144
89
105
114
294
345
101
132
209
170
72
68
138
62
169
139
135
90
68
161
87
167
243
119
81
126
106
82
104
169
301
44
143
168
187
142
194
172
67
84
131
114
103
100
117
219
281
235
562
193
193
129
59
98
112
59
127
102
66
75
50
128
71
132
83
98
90
144
84
56
126
124
620
122
228
43
148
73
78
158
3461
133
73
127
133
210
424
75
237
47
189
58
392
236
419
271
154
110
140
98
492
79
92
109
102
356
295
81
279
124
110
172
138
124
201
154
356
110
472
135
134
75
133
206
211
69
169
140
93
62
96
129
129
196
72
70
248
89
90
163
76
83
90
153
103
163
86
121
233
322
467
133
252
144
82
149
134
111
184
528
295
167
303
159
337
163
198
74
196
92
129
93
107
68
119
300
103
76
389
129
103
488
305
201
152
91
210
136
83
91
201
131
151
121
275
198
71
119
112
106
128
151
92
150
477
293
75
88
126
159
102
575
176
152
213
136
224
53
246
256
160
65
233
126
92
31
193
108
212
125
67
139
254
70
75
89
324
311
362
61
78
58
41
97
622
99
83
107
428
374
109
51
78
960
45
284
83
346
75
20
514
300
119
90
426
561
513
51
219
157
484
50
63
205
45
258
155
153
82
121
128
94
98
180
191
112
124
104
137
158
75
93
145
79
67
108
82
214
110
247
167
143
157
106
213
37
872
92
42
126
159
109
109
235
170
145
144
110
112
144
805
95
81
95
101
825
243
70
590
65
329
69
401
563
62
84
149
61
123
230
105
211
74
249
125
150
74
74
616
188
243
156
195
158
79
107
87
255
427
222
234
115
195
137
157
131
170
111
34
109
30
41
106
50
26
92
98
204
68
171
39
44
98
140
223
443
199
180
200
78
434
77
176
200
138
172
357
338
94
87
466
55
259
165
280
431
189
836
1021
229
355
135
411
225
268
427
110
333
235
823
171
317
342
639
484
471
60
208
263
299
462
1348
229
314
52
344
326
123
521
159
282
198
217
107
49
565
407
342
240
295
203
130
176
237
186
134
520
192
192
156
240
191
343
313
163
209
123
151
157
251
84
254
75
134
239
234
186
213
200
186
149
205
187
165
191
201
124
280
809
334
120
327
893
120
398
922
349
204
260
256
297
291
366
115
181
206
181
199
318
126
126
199
206
187
183
131
178
186
154
209
177
169
161
118
138
181
168
146
210
163
177
185
138
201
206
207
205
1349
112
130
171
132
143
208
178
174
182
291
153
199
205
121
118
140
206
262
190
245
137
87
130
175
146
313
141
157
622
457
189
296
126
121
126
149
85
454
192
133
86
211
115
221
137
176
196
172
193
142
150
554
323
366
118
171
206
206
183
177
162
173
185
156
130
221
158
163
73
117
86
356
155
131
96
233
192
121
161
974
360
133
157
385
302
158
132
944
133
128
428
508
204
245
128
243
182
133
205
332
143
244
406
109
123
292
159
192
190
157
125
131
126
158
279
128
141
83
91
115
887
207
129
94
180
126
156
202
294
654
168
124
200
139
184
146
179
149
135
138
144
211
163
198
376
359
766
238
220
162
140
65
130
288
24
141
70
104
120
242
96
58
71
63
96
75
79
111
345
233
166
339
117
143
301
651
199
85
155
207
239
268
113
119
99
112
337
115
371
66
82
50
78
48
151
266
419
55
206
260
128
38
188
121
176
186
172
54
50
139
155
240
234
420
186
327
85
182
95
245
447
73
127
157
167
110
176
155
189
104
131
123
122
40
774
349
1022
127
22
581
65
406
120
125
274
68
187
132
186
109
137
26
618
72
59
320
190
322
322
392
179
381
215
192
232
69
357
123
326
262
59
262
165
114
198
54
231
130
390
305
132
297
176
35
110
82
85
689
322
375
571
272
188
275
204
239
224
179
378
45
61
100
136
194
106
74
84
701
218
263
454
54
175
231
447
550
364
250
287
156
224
772
772
140
139
393
374
190
243
485
165
555
211
147
303
273
445
355
424
153
452
86
151
83
411
310
479
71
791
717
262
378
833
160
271
416
55
270
112
79
209
244
327
269
476
362
222
1065
205
308
210
142
148
157
61
362
98
317
239
130
312
461
153
262
267
151
213
95
57
84
27
242
552
399
459
174
294
127
257
48
69
263
57
301
650
356
361
189
55
175
1288
233
305
78
193
143
125
193
110
89
102
646
79
137
152
46
317
43
270
59
353
112
167
64
254
325
512
124
117
163
233
118
238
556
263
137
132
103
105
222
133
348
129
71
63
310
201
283
146
328
72
97
82
150
130
131
57
218
294
334
220
117
182
278
90
87
119
149
138
156
444
123
110
354
292
126
176
389
170
72
263
531
166
101
55
62
98
318
379
605
211
441
308
113
100
338
77
294
238
179
73
258
74
143
332
67
71
459
196
84
162
130
172
1258
481
148
513
299
228
253
57
134
182
152
200
180
149
188
348
85
52
51
173
116
80
124
57
703
73
65
126
114
142
172
747
36
158
114
41
114
322
128
70
153
235
143
120
38
169
416
158
192
117
113
97
68
317
128
37
196
195
614
151
165
182
486
186
301
220
143
285
186
109
120
135
145
128
88
81
202
144
152
141
149
277
55
134
107
151
219
207
154
277
128
148
150
131
174
228
230
171
169
163
176
177
133
156
162
136
336
144
115
125
244
228
69
144
121
129
96
99
187
139
201
134
183
106
150
101
109
110
105
122
141
124
141
166
80
158
371
93
172
202
287
165
175
365
129
170
128
123
104
125
163
168
254
154
153
154
119
141
117
110
282
161
192
131
139
154
289
128
87
68
85
254
200
95
224
388
213
54
276
214
89
277
127
104
149
117
170
56
201
213
254
194
227
152
213
236
199
107
207
237
476
85
121
116
212
352
173
172
130
217
181
318
94
151
161
116
101
106
327
84
76
108
73
62
131
412
271
126
112
152
227
179
353
180
149
150
110
222
268
93
93
92
127
166
73
126
59
227
247
256
165
58
195
238
247
55
558
372
239
56
298
95
64
228
381
448
239
199
179
102
88
135
355
375
79
359
181
210
442
65
606
290
249
364
91
495
219
1437
264
56
67
666
92
201
60
50
61
225
266
271
231
102
327
237
114
242
210
168
227
261
207
110
70
269
105
119
120
295
100
264
337
157
123
109
98
123
282
119
72
265
297
251
168
425
201
98
221
258
329
368
350
270
126
70
238
240
115
148
94
377
426
223
58
150
155
156
362
71
255
127
96
135
116
92
137
377
160
222
153
115
174
143
294
110
113
87
310
334
282
288
241
351
151
149
83
85
359
95
87
158
105
129
119
190
127
180
134
160
98
81
136
143
209
145
114
119
266
163
109
602
280
124
287
284
71
270
109
80
339
385
169
94
132
212
264
318
374
272
421
357
471
147
138
90
140
239
177
84
339
194
105
295
101
313
99
284
106
131
86
131
219
120
145
110
136
365
685
41
43
46
45
138
138
88
360
121
179
64
62
73
55
453
147
75
143
77
48
196
678
678
121
157
104
288
165
85
315
56
222
837
95
186
129
160
63
80
344
250
743
97
615
115
766
103
103
97
66
81
920
79
114
728
205
699
93
116
63
116
200
52
54
83
202
187
156
276
117
118
79
717
132
406
198
298
338
293
294
377
64
82
280
199
350
436
93
304
238
294
228
328
277
303
28
331
282
366
351
24
368
279
367
290
60
49
336
73
268
277
119
212
23
23
227
291
235
31
260
214
320
178
100
48
274
346
140
227
160
320
404
289
462
32
217
299
188
135
366
261
153
133
192
45
242
374
161
379
294
229
208
306
306
68
127
309
87
307
206
141
334
441
250
284
445
189
343
216
419
353
137
46
56
24
583
203
257
306
351
847
403
298
546
303
178
67
124
587
56
2025
59
56
142
59
482
54
100
59
68
48
75
379
111
57
63
56
139
131
84
615
377
60
116
93
99
359
104
119
158
70
190
239
76
175
120
163
59
79
52
45
451
52
400
49
50
98
210
310
374
182
52
92
109
63
50
149
136
251
124
169
221
86
99
113
68
148
463
136
155
165
334
195
156
156
374
258
146
301
745
269
132
148
255
300
241
269
139
263
272
324
251
110
181
152
217
325
324
117
240
229
268
82
253
446
233
454
338
191
308
258
468
181
200
230
160
169
237
343
87
289
209
145
458
100
134
156
216
135
370
419
277
177
147
185
261
129
301
84
87
87
337
94
92
252
153
99
158
151
447
178
225
514
103
1047
195
188
198
192
249
157
97
431
222
188
172
91
313
137
244
188
195
69
272
352
132
291
101
34
141
143
192
457
274
139
192
292
301
255
338
402
302
252
344
389
263
314
336
317
262
99
29
322
148
125
305
175
227
60
219
155
134
304
128
523
282
253
55
63
284
64
302
76
197
568
362
527
188
58
87
457
54
501
172
205
831
211
99
149
