340
57
39
62
152
49
64
61
70
66
48
43
273
30
50
71
92
81
57
274
117
36
38
51
260
53
54
318
46
57
112
131
109
118
233
262
215
184
84
107
23
249
261
184
162
81
219
59
149
37
196
110
181
86
202
27
34
30
139
265
80
63
111
187
116
271
331
82
50
46
216
288
246
60
44
299
131
211
76
87
78
23
120
216
250
444
125
271
312
124
245
112
89
67
72
67
185
135
548
266
85
154
37
114
49
163
50
42
201
180
123
181
54
37
37
17
99
100
36
57
49
36
60
63
285
132
169
34
48
52
59
32
159
48
59
85
65
72
101
323
244
341
275
122
200
256
159
99
190
109
86
142
55
149
260
65
52
157
219
40
178
296
289
35
135
203
53
80
237
301
263
146
299
325
141
77
35
319
56
67
60
251
44
37
34
44
229
56
22
34
171
142
249
254
197
226
48
262
62
86
105
177
240
234
163
147
62
354
170
139
172
76
104
95
161
32
34
75
46
32
115
239
224
274
255
236
220
226
276
29
45
57
40
58
33
34
77
130
33
36
42
165
108
96
260
172
63
60
76
76
50
55
61
40
470
338
193
523
213
255
324
181
205
177
145
233
188
244
165
167
117
34
54
56
221
52
167
141
416
148
118
64
67
96
53
128
292
202
191
41
57
165
45
172
164
106
27
44
318
266
255
60
53
51
57
130
257
100
145
239
248
184
261
190
414
138
126
157
46
155
256
64
148
54
93
57
83
215
197
315
434
168
319
94
82
27
65
235
259
236
217
233
112
72
151
207
191
97
41
99
82
271
159
242
279
224
28
31
254
161
317
150
125
214
163
63
77
357
449
269
344
245
266
51
238
81
263
79
145
189
240
105
298
189
78
180
132
30
59
44
49
48
93
77
65
192
235
170
186
124
52
122
112
130
166
332
148
243
227
178
224
166
110
221
59
70
62
220
126
38
162
54
42
69
28
221
211
37
41
71
69
42
101
244
220
38
132
224
157
111
117
258
94
89
65
28
136
293
290
45
26
128
86
75
173
74
204
34
196
40
30
32
32
102
102
28
48
543
216
480
342
60
66
36
29
51
80
56
66
52
58
366
440
538
149
247
17
49
225
31
47
24
225
161
285
233
244
82
168
337
311
117
228
166
99
27
65
234
23
54
118
203
29
186
210
24
184
19
214
22
49
276
1111
493
226
50
269
92
184
199
23
96
25
194
37
41
95
246
174
81
215
229
411
149
36
479
399
432
129
272
235
385
50
55
94
81
79
56
52
47
49
57
54
41
53
215
288
990
426
68
181
194
199
88
363
55
56
33
48
315
231
240
111
50
265
50
72
246
198
92
31
28
40
64
272
208
29
427
89
98
63
528
308
401
51
61
39
47
41
51
71
308
29
149
189
67
353
201
233
456
235
250
289
293
38
47
63
53
68
78
58
49
50
46
64
96
139
194
228
363
238
72
67
24
63
48
221
162
94
109
231
166
352
203
50
98
66
72
156
19
257
235
40
56
302
75
69
349
91
50
75
92
285
210
307
267
124
112
118
51
53
41
67
65
103
199
169
122
398
167
22
37
133
85
16
88
244
29
57
53
73
245
329
323
326
326
199
254
256
313
196
246
128
69
229
194
127
204
213
202
239
60
81
92
99
153
68
153
54
89
89
67
158
29
35
161
34
249
42
148
57
156
268
112
160
65
72
73
22
136
132
217
235
277
207
38
132
117
195
121
189
48
248
338
77
251
65
87
73
174
245
165
108
172
53
212
219
52
37
267
113
116
312
331
233
54
51
64
42
50
51
59
69
48
55
68
58
259
175
334
269
138
30
161
340
33
153
87
100
45
300
106
29
251
253
283
273
32
26
69
58
139
101
75
105
36
44
185
223
312
93
85
49
253
121
178
166
194
282
421
134
124
258
300
157
51
119
210
197
195
47
76
23
24
226
152
138
80
27
26
36
212
57
55
64
71
183
377
238
236
257
208
130
133
131
143
105
345
244
212
35
212
86
309
282
224
192
146
101
58
83
67
236
75
67
55
57
42
53
62
55
54
76
182
130
66
72
59
46
130
111
155
112
407
242
203
240
74
112
42
68
277
195
298
57
49
39
46
40
25
145
166
128
586
344
299
155
25
106
108
45
193
192
264
253
270
90
219
143
220
324
234
383
165
405
28
233
28
136
227
94
200
274
38
73
105
28
36
41
112
336
122
31
147
111
215
55
69
56
65
62
371
71
37
122
137
98
102
124
199
94
229
186
164
279
459
320
259
425
282
425
158
45
37
457
277
340
45
119
40
180
179
71
207
213
28
33
37
109
237
324
141
87
121
62
111
207
23
67
97
334
238
125
382
179
49
55
239
113
63
293
146
206
32
54
33
44
22
31
276
108
274
43
59
62
45
65
73
42
70
95
172
76
54
97
52
101
39
124
128
260
93
93
53
100
112
81
80
77
49
47
96
358
114
103
160
33
90
266
281
321
292
240
178
58
198
294
103
281
126
160
51
160
37
47
49
30
57
208
367
138
307
201
29
245
211
83
174
225
195
478
236
316
58
185
40
32
40
46
32
73
85
40
38
31
40
28
271
64
97
101
199
105
39
47
301
172
143
203
296
265
48
53
38
129
29
117
161
39
63
121
25
154
172
121
86
71
98
151
161
348
237
267
41
32
66
32
220
39
79
90
202
52
152
106
29
139
334
125
44
23
16
73
41
75
65
197
118
225
105
45
130
113
136
296
112
146
268
118
247
282
374
477
197
97
313
111
110
466
118
77
52
43
49
31
65
57
62
42
46
60
84
56
101
32
27
42
97
22
181
403
357
240
543
229
62
224
85
78
123
61
71
67
167
393
279
641
341
256
330
273
57
142
27
23
280
296
130
103
96
52
185
20
346
361
181
99
471
470
257
582
80
44
37
138
238
284
75
43
47
19
233
136
85
298
115
308
69
32
444
297
80
31
577
388
29
221
96
26
29
38
47
59
62
61
104
118
59
142
183
65
74
62
73
45
37
61
230
260
382
251
131
95
94
56
266
149
421
36
497
494
435
400
241
281
34
203
71
255
146
487
31
335
48
299
77
54
402
64
138
28
67
49
31
73
197
326
335
302
95
133
39
176
205
201
232
239
33
325
292
336
207
266
266
40
343
272
368
52
42
432
50
49
63
23
350
27
140
58
387
26
62
134
256
23
47
38
30
89
212
90
171
30
162
154
139
181
181
130
22
352
108
105
155
21
31
16
17
14
13
23
47
56
57
58
59
168
55
54
59
61
73
76
46
62
74
73
71
86
221
105
77
163
243
193
84
93
47
88
35
25
579
339
235
269
164
33
173
230
311
66
126
141
247
103
212
126
23
19
194
37
148
75
40
208
113
99
175
20
429
23
59
313
213
160
292
194
39
40
53
65
212
105
68
95
99
198
91
310
156
65
129
30
340
29
25
186
169
16
289
208
208
237
231
39
62
208
186
163
389
242
122
239
267
144
71
144
150
159
46
23
31
36
35
47
287
36
394
64
73
64
51
54
64
66
195
61
50
56
51
49
69
49
47
38
264
260
295
502
226
155
189
52
86
40
327
45
172
224
40
43
489
329
166
195
107
78
65
245
377
169
411
278
28
73
24
55
437
34
170
454
268
243
201
107
37
126
111
34
144
242
105
58
55
46
52
30
39
30
62
130
71
271
174
272
34
238
90
69
87
169
156
99
266
109
98
233
57
154
21
30
24
56
59
62
53
222
314
283
195
110
198
212
61
117
61
392
218
310
51
135
356
364
378
253
204
118
103
95
232
116
293
131
180
152
71
26
274
223
381
155
71
63
66
162
116
114
35
172
45
64
57
45
57
53
53
119
58
98
302
137
51
83
198
58
134
112
251
190
36
70
40
230
183
153
52
54
40
30
71
269
105
55
188
202
104
157
320
346
17
268
337
254
256
91
25
58
28
115
185
215
58
147
166
115
150
173
77
72
108
59
151
56
90
201
123
128
186
238
183
120
40
30
31
320
295
49
47
54
44
175
169
186
201
230
95
124
123
108
129
91
119
130
126
97
119
421
427
253
269
58
48
58
53
55
48
58
60
225
265
128
211
258
90
176
209
91
339
300
207
184
107
77
53
85
219
39
35
21
36
43
28
32
31
45
40
170
355
284
196
164
157
75
65
107
171
251
169
47
49
48
55
265
156
147
161
70
82
303
187
216
183
50
39
163
30
172
325
89
200
194
193
309
197
31
27
39
62
25
41
49
51
197
104
83
103
288
90
102
78
234
338
200
145
219
180
232
231
243
264
233
228
207
86
45
47
234
225
295
88
222
126
78
51
146
35
77
92
46
312
362
29
191
25
44
62
27
27
30
46
38
115
167
36
35
203
115
523
269
291
226
111
81
85
163
255
61
311
88
150
161
122
170
73
77
188
173
26
344
216
223
63
39
147
199
81
237
148
158
266
311
145
153
319
26
177
32
52
36
78
120
54
144
44
145
31
102
44
246
198
204
181
162
45
57
47
121
52
35
18
237
181
173
66
77
77
163
214
178
126
56
31
35
101
53
149
110
62
162
112
30
33
31
237
197
64
94
158
188
282
39
20
278
63
68
109
41
44
27
252
555
156
67
211
47
68
154
65
95
176
41
82
106
26
325
203
197
254
355
24
249
186
250
376
316
256
388
59
50
66
61
53
50
50
395
250
63
197
91
76
378
57
59
469
173
82
76
46
136
25
283
249
160
225
149
78
90
131
118
355
137
128
53
41
42
50
324
235
43
54
586
476
219
209
218
82
105
157
84
243
356
204
55
240
69
137
399
63
50
48
50
74
71
55
47
628
380
419
374
365
160
70
456
75
110
308
402
186
67
44
38
276
188
125
337
26
80
37
56
272
124
133
57
244
169
430
164
71
78
215
681
49
38
64
32
125
282
244
440
279
71
87
72
44
58
73
99
107
54
309
279
139
236
199
23
127
72
55
43
60
681
259
445
46
79
65
94
332
68
270
105
136
161
73
110
133
92
50
62
51
133
565
428
436
501
219
136
139
495
100
282
133
104
200
496
386
370
95
273
207
41
414
225
181
25
45
95
124
48
53
60
64
55
61
45
59
99
96
129
163
30
91
38
14
421
296
179
382
206
227
190
47
30
346
201
49
56
46
45
39
29
22
21
165
417
267
66
103
37
43
37
214
291
57
25
112
23
172
335
238
31
34
346
134
146
109
72
75
125
81
173
50
139
58
37
14
33
66
159
61
82
127
146
141
301
164
169
48
122
62
61
70
32
338
504
243
410
159
166
288
160
196
242
194
28
63
33
208
235
122
508
29
64
57
32
28
40
48
56
74
53
71
61
58
55
159
159
69
84
76
90
53
208
122
126
38
53
28
22
352
343
47
54
72
265
301
246
290
72
72
72
64
207
152
132
134
207
107
203
57
170
133
78
122
219
242
267
43
49
244
195
114
187
203
237
143
74
70
113
223
368
449
271
442
293
230
247
173
177
204
196
185
262
260
112
190
140
284
192
75
203
71
87
43
176
240
203
38
206
110
128
230
55
81
388
162
173
274
115
124
130
71
49
110
55
303
332
345
46
49
49
58
63
63
62
205
71
30
152
214
228
63
75
72
77
375
443
273
202
333
174
82
310
31
47
285
37
34
57
39
48
168
156
153
96
49
66
56
58
219
23
37
102
129
45
41
34
29
282
36
221
47
117
66
108
104
221
277
196
51
55
99
73
153
351
156
188
73
255
28
56
249
213
124
80
21
231
119
121
254
88
43
26
59
36
68
69
105
102
183
146
127
120
231
88
214
182
237
134
87
51
52
143
37
41
25
43
263
91
88
98
85
35
34
68
45
379
43
148
298
67
61
55
53
42
43
57
48
409
283
54
146
51
52
87
65
113
80
159
134
248
248
321
477
272
175
193
146
250
321
73
318
174
174
112
203
198
101
401
44
48
105
168
42
73
40
88
25
118
111
291
134
238
98
86
55
138
105
108
116
154
135
87
104
80
125
86
182
51
62
49
195
161
360
345
290
212
29
255
272
182
114
21
64
21
26
31
65
108
268
240
119
119
114
206
296
261
190
106
28
28
26
55
56
86
41
139
392
176
225
278
78
75
81
25
221
321
42
48
92
53
131
27
30
35
59
41
456
227
391
357
307
328
230
181
44
129
105
177
344
224
65
187
108
21
129
130
224
338
215
229
268
58
185
137
20
54
86
142
29
259
42
145
318
213
209
127
149
167
152
98
115
116
16
171
76
66
63
149
104
48
61
52
99
175
105
465
403
237
256
93
74
59
61
49
61
62
56
41
27
30
393
589
224
311
653
428
421
544
49
59
30
253
22
36
45
39
116
47
51
300
38
369
86
101
264
29
283
241
151
294
158
192
211
27
307
187
166
272
93
154
165
123
181
62
84
72
142
94
35
230
322
351
258
226
222
142
78
38
162
189
74
232
99
37
38
34
39
84
34
92
138
163
57
146
116
160
196
40
483
285
466
60
162
51
289
167
47
568
204
491
660
51
67
59
173
64
57
155
53
250
570
26
292
306
458
48
54
34
34
232
181
76
92
168
22
71
84
199
303
259
56
58
75
57
95
179
98
111
103
474
237
386
356
176
175
56
56
325
385
140
41
592
336
251
220
61
45
68
51
67
145
165
248
118
416
228
236
57
60
43
225
149
38
83
261
272
51
71
31
255
272
345
40
37
205
162
119
56
53
79
385
122
19
20
18
17
17
17
19
19
149
14
16
19
325
59
29
136
282
255
176
280
348
273
229
62
151
54
48
39
24
17
17
62
483
161
117
52
65
50
61
32
53
50
55
175
522
337
209
222
182
202
151
80
110
82
47
214
100
46
68
99
36
21
249
218
245
93
69
109
86
74
49
60
89
83
44
193
156
138
169
182
362
385
347
248
201
39
73
88
44
62
35
58
173
112
59
73
86
86
141
23
100
140
135
347
235
244
216
302
75
229
143
137
