134
123
175
107
151
148
134
156
164
139
168
144
154
165
163
154
124
114
124
157
161
147
142
166
158
152
129
146
178
165
123
195
226
93
124
136
221
234
113
160
120
128
110
109
135
91
123
138
143
97
160
147
174
149
137
105
125
98
107
144
124
108
108
117
145
174
172
177
168
142
142
156
108
187
182
124
190
138
130
138
156
94
127
123
137
163
120
184
151
137
100
132
110
134
171
159
110
106
153
173
169
128
108
116
143
152
157
104
146
126
97
121
139
178
150
177
149
141
121
120
131
139
152
126
183
180
156
113
156
142
110
146
136
105
171
144
162
163
131
172
124
124
152
162
139
139
158
137
179
147
115
117
133
156
118
173
122
167
163
168
113
119
134
158
158
139
187
123
136
138
108
134
131
165
160
140
138
166
119
126
152
162
180
115
167
122
161
156
139
170
151
147
158
130
135
165
147
155
137
138
147
131
157
131
164
135
129
166
165
113
167
103
156
114
139
143
154
137
138
155
134
156
134
142
138
128
197
156
140
124
149
154
135
155
151
147
134
170
143
121
154
86
144
134
140
184
178
135
129
138
127
129
110
123
136
120
146
159
98
137
105
104
178
147
145
140
125
165
128
118
122
145
129
109
182
174
142
99
130
155
168
175
135
138
151
163
126
148
123
102
155
127
126
137
146
145
123
179
170
137
101
121
137
144
142
126
163
157
150
177
137
140
125
147
142
129
102
171
157
129
160
129
164
119
158
123
102
156
151
86
134
147
153
138
126
157
169
190
137
172
174
129
101
141
120
169
126
143
179
155
147
141
147
130
147
145
142
136
125
165
181
132
115
110
153
136
142
149
172
133
148
144
163
134
157
133
160
135
121
135
165
124
136
169
133
134
159
164
166
143
198
158
202
120
121
148
183
194
162
169
134
98
197
181
141
192
126
185
137
125
129
131
132
171
122
128
129
188
222
166
132
118
184
133
199
145
148
232
130
227
142
195
142
164
121
163
176
149
137
144
171
165
161
149
132
156
118
179
214
134
143
200
141
183
213
133
143
115
129
142
147
186
123
134
160
149
152
193
228
143
161
106
138
174
162
196
174
108
159
135
134
148
161
132
190
136
176
156
143
157
144
203
153
133
62
88
154
152
104
70
99
76
149
54
166
65
68
185
260
81
196
158
166
125
120
220
110
72
78
73
190
250
254
209
304
247
225
206
96
515
375
136
91
95
162
64
92
223
98
129
103
268
273
169
161
209
217
171
85
212
234
132
133
204
197
56
94
65
81
89
77
252
85
72
111
106
91
134
431
217
117
204
109
194
79
72
78
70
311
65
90
56
80
51
62
108
258
231
157
91
145
252
99
486
531
473
84
75
80
189
145
141
167
214
112
91
129
133
185
99
78
135
108
121
101
153
137
79
89
154
85
51
161
107
82
66
103
42
221
84
95
94
91
116
131
124
79
99
200
166
155
87
200
413
132
64
85
85
161
88
314
252
71
118
310
68
221
301
225
77
204
251
329
180
127
67
58
57
67
84
104
140
86
108
121
193
67
69
182
103
53
180
161
113
49
103
345
153
126
131
134
195
87
111
93
108
226
269
111
195
131
197
407
193
280
141
395
174
74
167
82
132
68
60
128
179
117
150
79
185
101
70
58
103
109
66
352
75
194
99
155
111
87
118
187
63
78
194
125
89
62
117
233
82
143
86
663
177
257
65
98
75
150
270
64
272
78
128
79
230
180
202
229
212
241
65
73
85
90
133
112
195
285
51
194
74
255
236
187
240
130
111
230
213
105
131
189
107
96
188
89
223
73
98
101
95
78
68
73
100
83
312
138
85
116
119
67
168
94
314
207
188
223
204
107
133
244
150
269
96
295
264
229
91
90
278
236
100
75
83
125
72
124
157
121
71
78
72
65
63
126
114
58
66
146
52
144
88
132
140
129
101
149
121
566
177
413
90
196
171
202
128
298
278
272
225
244
63
136
249
99
47
209
130
265
110
213
219
54
106
80
97
57
67
210
116
128
198
132
120
179
158
85
53
111
168
225
187
127
88
103
109
94
200
184
467
106
98
230
78
188
229
375
151
142
93
205
164
222
207
226
199
285
184
222
198
158
208
177
170
126
176
261
194
191
177
193
102
130
269
99
109
90
103
106
73
181
128
108
81
108
91
197
174
129
282
298
94
107
96
96
68
164
104
116
58
87
85
105
110
184
80
118
239
248
112
68
185
194
175
157
194
135
222
169
183
167
121
221
234
94
460
207
314
164
80
142
173
481
624
457
80
96
169
132
133
138
172
143
96
67
73
271
122
115
100
84
98
136
226
142
68
233
246
78
76
78
105
100
217
217
74
183
86
95
142
54
111
124
172
150
59
131
103
199
199
250
171
198
147
232
127
226
80
248
170
67
73
64
81
89
86
111
157
119
77
130
69
66
104
65
210
85
70
71
92
210
178
88
162
228
205
232
340
271
158
83
55
69
139
134
304
205
380
266
504
438
124
103
73
183
204
130
94
69
96
113
73
162
105
191
79
162
175
152
154
86
138
196
57
68
81
65
176
73
110
185
123
71
212
190
56
137
137
203
151
107
55
101
78
448
68
125
80
254
227
183
146
60
316
262
168
193
192
306
171
252
169
236
295
198
198
95
89
111
109
179
131
63
199
219
93
69
82
97
72
88
67
95
85
65
289
93
93
44
72
87
136
163
107
87
162
77
147
233
117
121
134
410
374
109
207
90
216
197
251
208
158
300
294
88
122
186
336
113
94
88
116
222
66
168
181
151
302
271
277
123
210
468
257
57
58
98
172
64
71
81
124
205
100
131
208
161
592
137
188
95
100
208
82
92
245
153
103
110
109
161
190
223
64
265
197
218
115
160
200
69
67
100
277
181
230
193
104
84
154
105
67
107
64
64
68
70
100
135
124
190
52
179
168
100
114
172
65
101
155
159
103
129
185
133
183
97
566
92
88
207
609
197
281
94
346
196
158
48
185
190
111
134
173
302
292
292
321
216
83
221
105
202
139
56
152
92
127
84
87
123
93
86
107
92
95
90
198
273
321
256
105
84
80
104
155
66
91
55
163
77
150
56
148
74
73
75
99
96
123
75
207
107
187
87
121
154
157
83
227
227
308
157
255
225
227
274
178
409
382
72
288
176
274
223
275
147
61
60
72
116
81
75
125
114
146
152
173
100
178
245
75
274
201
180
44
47
41
40
36
37
132
133
176
70
140
44
102
90
59
145
188
161
86
116
157
142
68
55
128
75
139
92
91
94
106
362
101
164
155
185
101
273
360
274
302
198
349
343
97
254
227
337
174
164
173
130
92
362
77
267
270
195
180
186
183
87
74
113
183
62
149
94
188
107
92
109
92
194
147
158
115
199
157
94
221
97
140
76
127
106
53
149
163
375
130
79
165
111
239
215
256
111
188
282
87
125
193
64
270
89
73
69
292
77
99
87
67
192
154
145
133
108
143
70
122
205
126
176
95
120
138
211
87
109
94
81
79
75
96
60
297
62
233
248
257
65
58
162
64
69
102
176
205
67
121
140
198
210
341
151
223
154
74
132
83
126
327
92
70
94
58
93
79
82
127
56
68
69
61
86
63
77
93
508
194
70
84
139
165
204
221
127
137
155
473
190
105
204
232
486
190
168
204
176
96
263
183
189
181
194
228
95
216
72
68
78
91
54
81
149
56
350
70
151
171
92
75
118
70
72
131
86
378
326
114
120
94
293
108
78
114
152
145
117
88
107
129
85
152
158
136
116
73
113
97
104
75
163
105
59
203
247
361
59
134
117
98
168
234
102
94
198
296
237
241
357
197
207
305
57
232
219
128
155
103
107
70
73
292
98
63
150
115
82
51
204
179
172
160
207
194
109
92
262
131
56
347
303
146
225
297
253
290
315
218
279
86
165
99
148
208
429
555
111
67
222
185
93
76
201
191
87
159
281
259
81
175
111
230
216
194
126
82
211
189
193
188
229
193
254
439
221
87
139
132
160
221
170
199
124
178
135
80
87
92
108
94
107
83
112
152
103
193
100
249
99
75
80
98
79
122
81
165
219
228
237
377
85
88
211
109
199
138
193
150
120
129
211
115
100
213
237
242
91
152
69
295
210
248
247
313
239
81
286
102
109
259
106
71
217
93
93
116
102
149
138
196
83
263
273
137
245
135
144
97
67
211
86
88
249
167
84
198
104
311
129
179
124
131
197
197
72
129
174
184
144
154
239
91
53
119
98
115
276
98
161
159
66
123
516
65
128
179
182
152
117
111
139
176
97
75
130
116
158
130
122
103
115
68
107
169
141
173
214
84
99
157
108
165
137
181
98
282
160
210
206
158
176
263
237
224
212
97
183
145
171
116
167
116
159
178
80
109
119
112
110
102
86
112
148
105
106
99
145
77
71
123
107
136
78
162
79
71
181
77
103
57
74
90
88
181
185
139
102
83
119
124
156
120
150
111
96
103
76
153
71
128
195
91
75
125
99
70
70
108
120
105
83
133
80
79
89
95
120
120
144
123
68
68
133
95
144
131
84
79
78
87
95
105
147
147
159
132
74
114
119
96
146
96
148
95
115
308
179
314
178
183
179
154
232
188
232
162
99
149
136
212
102
105
150
97
198
81
107
150
181
156
77
190
167
193
203
175
160
167
229
218
162
236
110
178
109
74
149
122
151
141
135
198
118
176
175
137
135
174
221
115
142
182
162
159
179
136
109
175
203
79
133
89
203
207
216
167
210
240
180
150
129
137
234
257
158
193
161
183
71
124
217
122
123
113
136
104
189
123
81
192
173
156
227
102
197
152
87
167
93
135
106
157
159
200
105
100
97
205
104
203
147
112
159
84
165
73
98
202
93
179
87
57
62
61
162
190
90
88
83
194
89
73
153
98
161
123
105
81
171
114
154
74
129
65
156
100
75
92
107
104
73
127
109
127
86
59
133
52
69
95
67
122
76
94
67
155
110
75
176
172
86
134
68
225
223
228
98
159
123
154
212
125
132
148
168
143
196
91
172
243
178
117
177
172
99
137
206
198
180
279
120
168
213
139
99
112
150
91
77
205
168
110
181
174
93
185
179
123
167
72
187
170
152
83
73
66
204
203
136
148
98
140
80
66
81
89
230
187
180
84
96
110
128
237
245
161
103
81
86
182
115
201
154
125
169
116
126
126
143
79
128
116
159
153
59
108
99
84
84
170
134
132
56
166
114
101
95
88
79
103
173
126
101
156
188
125
124
172
161
125
107
213
230
182
180
121
113
127
188
96
105
142
183
123
132
238
214
169
186
172
164
155
141
153
100
199
