177
250
105
98
114
111
153
94
252
79
737
65
135
105
333
739
1217
2358
94
133
137
138
185
900
1764
97
83
255
70
124
68
131
812
115
108
96
459
194
82
115
68
117
60
246
394
89
120
77
730
153
113
48
68
440
143
217
150
111
158
598
75
65
45
141
1834
111
558
147
1612
76
143
120
111
146
1708
120
252
111
59
67
673
106
89
126
91
167
1289
117
134
211
129
83
155
148
87
87
59
107
110
137
48
260
81
136
101
134
216
148
126
261
179
135
721
83
97
149
110
160
65
1708
424
100
1309
122
394
238
162
219
259
95
86
97
193
113
330
184
94
65
108
1217
143
107
47
47
101
128
84
140
600
202
62
537
111
90
70
529
274
98
54
97
1708
190
580
270
305
258
2749
148
466
99
618
121
198
340
356
116
661
49
429
196
77
195
97
83
195
124
282
211
628
143
143
2204
110
134
149
185
151
92
294
659
609
155
337
63
353
255
308
688
251
73
124
108
201
120
126
122
738
91
544
93
185
1219
101
354
173
631
79
247
59
125
740
252
508
319
196
124
95
383
101
65
92
187
255
83
155
196
82
130
284
151
106
133
261
2728
1918
293
70
145
113
81
88
82
75
97
180
59
97
274
88
153
71
109
195
425
161
266
225
64
180
69
267
131
84
385
386
133
277
738
144
69
142
72
381
150
236
113
71
2152
403
130
113
139
191
346
129
237
187
297
137
94
575
345
86
160
236
153
264
115
188
64
2174
572
107
145
107
114
88
189
332
268
148
236
542
291
573
156
152
61
340
109
187
54
214
137
82
293
130
108
94
82
278
177
128
176
456
132
122
347
138
538
249
930
82
476
133
84
244
399
128
183
195
402
92
538
188
255
288
41
83
144
79
401
304
355
140
142
230
46
120
97
256
280
72
67
270
615
689
382
743
98
260
138
234
92
128
194
157
146
89
67
2025
286
115
80
