182
74
55
150
105
97
135
78
162
252
135
82
152
153
143
136
130
119
131
239
91
140
72
79
173
94
75
124
172
157
157
85
155
222
134
166
94
130
56
161
149
90
92
164
154
130
112
191
109
118
137
153
114
116
135
157
220
173
148
140
184
114
140
115
70
110
144
199
57
135
56
69
102
186
178
119
132
146
114
114
144
190
118
205
295
109
120
353
148
115
94
73
102
231
95
188
142
193
84
165
66
204
104
141
110
50
129
96
172
97
152
131
92
56
138
229
88
86
201
118
98
140
155
125
140
176
140
175
72
146
108
122
124
153
160
120
112
188
75
169
55
206
100
78
99
63
145
194
137
165
168
116
119
77
79
153
71
234
244
225
148
92
204
187
106
132
81
115
159
164
168
86
93
226
111
87
99
47
175
65
214
90
70
104
158
97
185
108
331
93
180
68
83
135
174
171
131
151
126
133
168
175
151
74
191
71
74
93
161
51
168
218
169
524
100
61
127
129
132
164
216
151
74
77
91
126
123
90
164
162
201
109
111
130
58
103
63
63
189
114
197
83
219
127
89
109
143
172
61
121
82
82
195
72
125
195
133
66
115
188
141
221
140
144
220
196
100
218
156
122
288
207
206
106
130
76
53
109
125
162
196
444
97
91
179
90
132
67
94
112
226
73
122
128
139
124
119
66
60
130
211
246
181
101
137
119
173
151
186
74
119
150
150
255
98
128
57
164
198
118
98
125
94
137
277
73
187
85
120
63
63
135
233
110
154
139
164
206
229
54
171
94
335
164
119
85
91
94
171
105
71
117
134
95
133
68
118
175
128
160
120
74
242
66
148
138
74
138
164
159
64
201
110
216
64
130
151
89
185
131
67
213
236
110
194
139
287
263
182
55
104
141
66
112
152
138
96
123
156
112
128
166
136
475
58
72
84
174
151
119
133
219
87
105
108
82
185
149
217
147
127
459
94
92
248
138
119
141
105
233
87
134
94
174
103
154
152
103
116
154
160
161
141
136
118
88
106
141
125
124
105
143
87
112
99
129
137
157
123
135
137
197
121
121
174
132
142
180
60
138
153
81
132
429
179
157
79
104
199
117
74
143
147
131
205
144
109
116
74
116
67
73
160
162
58
87
96
117
100
86
136
57
172
180
130
80
204
176
163
357
112
59
157
149
127
150
157
212
189
172
104
169
219
163
286
118
91
148
76
72
194
223
131
85
63
150
111
149
66
88
76
138
185
146
105
212
70
93
214
205
233
111
125
146
90
136
98
70
168
106
68
165
121
66
70
153
57
160
157
216
142
113
129
129
70
191
96
273
106
158
78
168
87
145
108
129
63
136
91
87
75
340
103
138
205
86
198
104
115
141
125
198
174
176
103
145
249
134
131
150
58
109
129
103
98
67
95
75
136
145
69
159
265
239
307
180
64
40
131
80
84
69
91
117
217
124
238
191
61
100
122
123
67
137
124
193
83
102
227
72
207
207
241
143
271
152
131
97
193
210
154
74
133
167
142
193
76
162
146
84
102
76
301
144
164
58
122
90
93
177
53
57
121
182
49
249
334
145
204
381
99
93
396
98
215
296
82
107
145
199
134
76
104
86
239
169
346
113
129
148
246
67
99
95
157
127
320
180
128
71
99
95
52
135
160
173
341
77
205
159
148
130
55
61
109
440
74
120
123
129
199
104
115
146
173
122
65
259
155
223
212
119
147
256
63
177
77
169
70
215
208
112
122
93
213
131
133
163
117
136
145
86
206
76
61
160
165
81
178
206
221
81
68
97
105
86
206
107
64
125
257
57
70
133
186
99
87
63
189
87
52
217
188
76
67
101
127
94
216
90
104
126
132
244
279
73
117
158
236
133
186
112
138
96
98
251
144
176
132
77
115
146
149
80
84
107
224
153
117
175
107
128
205
132
114
123
151
190
148
103
114
70
167
226
155
140
410
159
145
94
113
136
143
220
65
201
101
67
578
234
98
164
100
57
133
135
63
158
206
102
203
257
102
103
79
134
182
189
218
193
120
171
134
62
170
153
95
176
84
87
184
163
212
192
101
170
200
57
153
75
172
232
82
158
98
88
97
132
201
99
118
110
237
60
98
573
183
471
78
123
77
98
152
122
269
105
139
100
122
227
174
102
128
137
98
77
233
94
96
102
98
158
150
196
111
79
172
102
99
114
110
130
143
206
99
72
136
156
189
108
84
70
118
215
235
95
68
130
240
244
56
132
69
198
152
169
157
114
155
76
171
149
78
163
149
91
77
205
114
192
98
117
234
51
126
140
66
105
122
57
128
109
223
120
105
77
80
143
116
165
142
190
178
247
150
173
127
165
72
203
97
69
88
110
91
56
181
99
74
168
147
173
183
68
191
87
74
71
52
103
130
189
75
145
65
67
136
173
87
110
89
103
118
192
154
117
128
72
143
125
183
196
119
171
78
122
260
115
197
41
207
121
173
184
178
83
135
93
119
144
139
263
111
354
161
424
131
67
82
127
173
195
85
223
62
91
114
89
139
149
166
128
221
141
91
250
147
102
173
165
187
143
168
101
134
127
162
129
85
157
174
115
176
94
191
146
150
86
143
183
412
90
172
150
120
78
67
85
196
96
241
163
83
247
260
132
75
79
142
106
59
198
154
165
73
84
162
133
167
195
150
71
184
164
213
71
82
135
123
176
90
77
152
185
68
152
107
160
114
126
52
158
74
137
141
133
108
190
97
93
65
181
134
115
191
123
110
142
106
250
139
81
203
124
270
90
264
82
146
141
100
208
98
276
85
50
63
262
124
237
103
620
86
254
144
155
132
150
107
242
126
198
122
111
150
191
52
76
288
77
167
66
66
236
169
129
104
73
170
137
241
169
95
61
133
160
150
62
93
251
378
193
129
98
146
217
102
358
101
183
430
176
93
72
129
122
176
158
176
179
153
113
92
291
181
99
151
112
82
102
201
174
94
190
80
152
92
170
225
480
156
245
189
171
53
143
202
163
63
165
161
101
252
146
131
75
134
110
93
171
185
138
202
221
79
125
70
128
176
89
123
125
166
145
273
239
106
103
77
231
117
221
123
221
68
160
126
146
183
85
97
70
105
65
109
126
180
204
173
172
85
122
141
103
152
162
123
93
158
176
225
93
91
262
366
195
110
162
82
77
164
224
183
57
159
129
215
78
145
107
108
228
223
90
193
161
102
121
158
177
131
44
47
142
224
170
132
149
106
124
156
85
212
192
172
59
103
79
127
153
157
248
72
68
298
141
213
201
111
279
375
74
70
90
180
122
139
153
60
162
188
131
80
59
134
196
248
176
110
99
167
87
181
226
315
104
92
77
63
168
123
121
79
90
66
95
120
89
300
194
126
98
108
127
134
232
70
125
466
144
151
124
154
99
140
121
101
67
135
154
132
123
78
111
104
118
87
141
93
180
121
84
119
83
147
54
87
72
143
135
119
98
87
85
195
148
131
115
83
134
128
110
73
112
122
551
375
193
131
180
192
107
63
174
104
150
155
115
61
70
187
78
211
174
112
143
119
81
100
139
