653
250
149
108
2920
77
283
93
77
105
284
94
335
130
407
156
115
159
335
142
638
425
167
264
1512
630
252
358
387
275
202
236
59
75
147
326
139
173
701
97
79
78
417
111
121
65
351
350
226
413
198
68
66
69
487
247
193
191
159
58
354
180
213
176
308
106
204
377
136
142
369
190
101
219
239
219
238
179
248
70
180
121
311
522
133
120
202
64
92
345
551
247
180
67
303
65
184
55
324
147
99
359
118
144
62
320
150
240
217
1173
325
218
58
305
104
201
224
286
343
62
125
90
146
141
247
162
105
92
82
308
325
312
294
323
205
182
715
156
97
276
344
121
342
253
187
205
99
80
94
199
131
68
96
382
240
145
94
1873
270
87
251
96
2482
175
215
162
99
94
252
1293
647
381
246
344
130
343
149
230
100
115
731
257
130
81
73
373
274
201
348
171
431
55
161
138
91
248
62
220
783
141
232
285
118
280
77
119
707
151
321
190
213
95
359
157
96
131
310
39
356
161
230
265
209
300
181
396
930
97
1351
263
136
2307
83
399
106
357
258
56
261
82
232
74
72
222
141
147
475
313
258
207
200
104
151
138
291
1584
347
33
449
82
617
82
260
196
329
174
183
225
253
133
320
304
82
307
106
63
293
49
2788
364
240
577
90
334
226
299
255
60
62
42
267
326
164
128
172
75
205
88
162
355
692
89
204
168
61
165
1356
111
69
381
277
47
55
43
52
244
321
92
107
154
308
68
139
263
231
237
563
249
191
126
83
108
129
60
189
393
186
346
167
335
1348
269
76
263
178
136
134
68
187
138
322
162
84
72
283
384
275
422
170
159
92
272
290
401
88
597
128
279
143
134
133
57
550
266
60
476
1458
136
505
31
196
419
299
102
247
405
164
1363
169
355
638
63
68
125
225
289
105
335
270
189
55
180
683
129
693
98
750
129
130
218
282
346
156
212
1117
145
123
1478
268
138
128
241
407
114
286
49
714
199
58
101
136
52
146
794
355
283
140
320
171
83
66
207
207
142
172
1407
168
120
215
1093
1314
37
122
122
86
861
167
1182
1171
54
522
235
380
116
347
76
237
381
256
101
341
145
66
284
121
78
72
393
252
191
88
262
120
260
220
151
286
316
280
246
454
260
297
327
311
63
110
119
331
164
101
291
325
343
72
72
123
187
107
413
222
215
86
42
314
376
602
49
161
60
201
151
776
247
332
296
144
271
201
223
140
64
411
359
236
253
151
131
32
254
284
254
105
222
281
52
202
100
494
119
237
78
243
299
162
145
212
269
216
267
213
136
454
55
141
326
301
295
317
162
518
121
372
171
292
317
111
180
295
67
169
1019
1799
133
102
67
252
120
262
594
161
496
250
233
77
250
265
122
681
75
607
149
68
158
97
197
83
303
291
183
530
736
153
126
507
130
81
217
377
293
231
147
123
532
165
87
303
68
180
179
342
214
211
328
108
105
68
168
733
265
116
224
80
207
78
49
94
142
152
96
284
171
142
2474
176
190
2532
63
222
197
70
265
354
205
280
299
1469
444
180
311
116
148
243
379
136
2755
342
64
901
140
149
131
58
59
757
56
73
262
255
60
