219
76
114
208
162
173
111
118
175
37
238
289
97
68
89
149
110
61
296
243
296
67
90
121
73
396
505
173
98
35
294
293
96
115
34
124
40
67
310
80
19
108
204
101
323
305
166
220
211
137
188
307
71
263
47
170
223
53
66
164
40
72
173
145
74
289
98
96
79
123
318
81
96
184
523
35
91
223
164
63
207
109
100
232
240
110
115
231
194
105
105
64
80
64
94
76
91
186
310
82
69
40
277
187
69
249
52
116
66
90
182
248
177
208
116
173
77
193
185
102
98
93
215
191
192
127
179
45
164
101
212
108
78
170
121
157
104
286
324
103
82
108
77
114
153
162
116
111
87
106
65
23
78
292
169
162
177
109
235
127
177
47
137
151
57
332
232
97
135
68
125
128
105
43
201
163
39
214
138
66
198
170
194
93
75
51
334
224
317
454
182
65
206
155
266
160
217
136
306
184
37
89
190
154
192
28
316
228
258
88
176
236
237
128
172
144
128
134
429
147
247
120
82
81
215
124
180
122
116
172
75
116
193
37
165
171
219
171
135
65
64
185
195
47
78
181
170
137
45
183
126
48
127
195
301
229
198
280
192
163
153
53
255
86
86
63
84
189
39
89
264
137
290
58
193
195
62
244
175
23
135
180
203
122
168
32
97
346
279
289
290
26
202
139
552
211
154
138
164
320
44
97
96
154
128
19
99
54
171
209
128
62
96
224
186
207
341
42
154
208
206
172
80
117
333
132
121
128
229
102
101
86
105
108
211
33
199
259
130
235
225
77
92
243
82
203
78
88
125
183
32
104
248
156
168
165
153
73
76
149
129
130
106
99
374
127
44
85
182
192
175
186
234
98
86
161
142
125
237
139
73
99
73
114
259
82
75
220
161
219
44
107
249
103
74
77
143
328
184
159
166
104
174
72
30
77
91
222
164
223
207
103
134
282
280
126
190
30
144
212
66
104
212
202
171
209
218
59
103
111
116
304
198
66
169
63
39
70
83
81
134
32
108
32
153
89
113
46
228
374
247
218
175
70
302
232
91
107
205
70
129
104
124
209
226
170
97
102
154
96
138
179
42
289
144
191
124
188
279
68
196
289
125
128
125
122
299
51
690
171
152
149
259
45
142
314
138
114
164
76
15
139
164
145
63
170
81
86
184
123
272
128
288
44
223
76
140
104
103
193
131
68
36
55
103
182
155
190
153
47
117
110
86
66
64
84
98
133
55
183
117
183
144
150
161
136
213
120
250
109
167
108
38
201
38
113
208
257
1108
52
90
104
241
53
159
50
71
152
92
98
38
173
181
176
231
153
238
190
97
43
94
196
36
76
1022
169
46
62
89
174
125
100
101
184
183
143
96
52
190
107
139
80
81
163
134
131
102
81
267
123
137
113
113
151
101
85
167
38
35
283
144
185
103
98
129
106
257
113
144
147
116
142
112
148
64
156
193
89
123
198
37
131
102
100
233
331
141
115
104
137
94
146
132
120
193
163
159
120
69
130
184
100
173
76
141
172
199
132
163
160
213
120
301
138
107
120
138
66
74
138
66
88
170
125
149
171
199
199
129
247
148
128
261
45
68
248
186
174
81
92
58
37
132
69
163
76
172
73
78
180
141
108
134
271
68
147
82
139
140
114
142
147
97
73
103
103
88
54
73
61
367
120
287
219
108
150
122
80
274
60
115
157
194
248
127
57
184
331
292
86
138
88
130
98
136
195
53
202
156
124
147
131
142
88
86
204
132
175
166
56
169
75
44
55
100
142
108
98
47
66
140
211
117
223
185
80
99
62
273
186
149
272
310
80
78
83
146
99
73
38
160
97
205
95
287
150
123
190
230
232
114
128
54
122
114
112
175
129
114
171
61
140
107
132
130
38
157
98
162
114
77
47
55
252
247
88
81
308
203
128
65
124
73
99
204
228
92
268
105
125
247
143
19
157
122
87
78
157
105
573
128
45
94
147
77
344
132
53
82
90
99
56
126
224
115
129
156
166
124
86
138
241
103
108
89
108
138
155
205
119
157
128
186
187
575
160
204
43
191
193
130
140
212
266
219
758
237
127
106
65
324
214
515
198
201
117
122
118
55
127
60
227
56
135
113
62
188
160
208
94
306
123
34
101
126
99
105
121
99
164
103
163
138
239
89
168
65
89
150
117
133
149
96
109
93
92
71
118
159
305
143
268
124
124
151
92
167
127
278
37
127
94
117
54
194
114
70
68
124
51
44
148
245
94
72
168
97
83
54
70
99
148
132
224
105
97
138
87
175
146
129
111
141
118
220
161
161
124
125
253
92
112
143
46
46
165
150
133
78
96
41
111
158
266
156
156
108
52
246
81
46
40
216
120
145
194
51
162
135
112
152
118
97
57
44
122
81
194
196
351
145
54
147
107
102
117
114
150
112
641
147
223
226
172
74
96
134
41
61
129
164
27
246
109
46
258
122
160
162
107
160
112
146
149
123
88
177
132
56
129
98
147
112
158
177
189
159
201
333
131
78
149
360
188
102
57
142
151
139
156
113
69
645
142
186
138
246
178
96
209
100
123
157
164
142
154
239
182
133
43
196
160
122
97
104
125
142
243
82
72
157
47
58
299
159
235
138
101
57
183
170
182
181
136
73
152
114
129
136
113
135
212
101
141
58
103
218
151
135
150
146
212
193
74
236
109
133
144
493
67
59
173
118
217
226
108
114
91
331
72
119
125
105
235
371
114
74
102
102
137
210
148
182
97
219
40
242
109
152
154
137
84
78
87
138
65
343
121
83
197
111
154
133
154
62
123
267
229
85
38
84
40
169
156
151
114
250
130
162
56
158
180
125
126
160
174
219
461
135
74
130
154
224
161
400
76
61
124
91
242
174
378
87
121
148
122
242
152
176
230
126
79
87
196
182
142
217
90
206
138
195
397
87
106
130
159
183
222
174
150
42
145
190
184
166
148
158
111
53
63
52
83
112
163
238
178
134
142
110
177
138
84
297
74
203
48
322
175
230
130
172
144
83
462
161
110
163
179
143
148
102
164
117
127
138
77
90
221
143
113
123
130
325
104
158
164
103
130
32
236
269
71
138
180
177
97
162
201
64
94
123
111
45
116
173
92
88
214
117
32
254
134
158
83
253
135
212
127
107
129
134
220
139
83
125
172
101
96
260
109
152
94
122
177
162
104
41
227
105
250
167
328
81
184
88
127
62
177
157
126
121
128
268
160
262
122
327
277
594
460
83
160
140
133
117
110
126
183
55
141
80
300
379
59
92
131
151
86
57
113
73
169
119
65
46
44
136
73
138
170
203
86
97
120
45
113
159
226
89
199
119
173
146
37
193
152
140
157
104
208
485
119
97
167
112
287
170
379
288
146
65
224
147
99
206
114
106
104
129
117
99
53
101
152
130
216
307
113
129
218
113
126
184
81
188
729
197
112
260
94
71
94
195
174
56
105
106
91
75
263
56
149
168
204
281
128
105
63
148
250
169
156
158
73
121
113
122
199
139
138
133
154
58
117
214
223
180
215
80
184
95
129
151
270
89
287
92
71
34
184
73
245
118
67
119
91
251
110
93
280
56
71
133
284
90
142
67
234
109
97
156
182
176
137
177
92
122
216
118
120
172
142
126
286
232
142
196
224
70
226
160
115
74
193
155
134
137
50
175
203
151
149
300
105
105
55
70
224
233
102
209
44
272
160
118
161
1094
267
275
43
268
66
139
97
120
261
132
148
150
122
137
136
63
149
88
124
91
151
157
46
143
217
43
91
298
333
153
91
238
139
93
30
114
280
91
170
372
77
158
87
104
110
62
73
125
129
161
173
62
210
129
101
162
267
124
84
205
123
87
179
216
131
140
46
145
135
211
87
134
87
86
106
43
128
135
210
203
154
176
176
159
266
51
92
244
127
191
68
250
124
87
110
62
92
117
239
222
191
162
177
150
152
273
735
185
109
113
123
296
169
118
155
96
217
218
75
30
384
190
177
167
118
245
252
134
181
7
147
250
267
170
130
148
145
92
446
178
86
111
228
161
190
102
117
180
219
122
51
107
135
139
101
54
201
128
146
120
41
111
145
178
217
90
210
40
94
319
186
333
80
79
33
263
318
111
66
100
150
173
104
88
226
194
110
63
371
87
142
222
124
259
136
158
114
177
122
254
41
152
176
90
59
72
82
109
127
242
162
157
139
124
81
301
198
158
55
92
55
106
567
216
148
277
97
66
116
199
204
80
70
216
293
166
185
46
200
164
131
113
118
92
413
61
285
262
127
225
138
143
86
180
137
140
148
187
113
137
99
174
149
95
246
213
79
204
67
169
126
269
159
98
354
53
137
96
127
122
181
114
73
152
298
163
104
139
178
195
103
81
183
167
315
384
38
70
228
96
71
101
158
125
166
110
140
112
146
156
430
113
124
94
117
81
65
123
106
312
124
150
215
209
211
109
104
98
104
37
113
192
70
398
195
114
313
54
183
171
165
43
110
75
92
272
169
92
145
82
80
112
140
176
225
74
75
89
241
143
32
110
343
69
221
121
91
121
37
91
216
96
91
114
92
84
61
145
157
188
169
243
135
70
146
369
118
56
230
129
94
175
53
118
180
142
141
173
117
130
156
146
202
60
172
102
141
353
199
109
138
126
100
92
127
228
157
308
162
190
132
31
151
149
155
157
121
114
371
271
84
118
93
165
147
179
254
97
160
150
58
105
214
229
214
108
89
122
119
96
192
174
69
216
137
115
61
153
130
95
101
155
150
101
124
145
193
120
100
335
142
71
127
149
102
67
141
137
138
109
114
115
201
103
147
86
140
276
120
97
154
97
155
197
235
7
278
7
182
54
177
110
101
333
277
237
7
305
262
235
7
386
7
262
205
122
125
7
113
154
7
7
30
99
191
192
119
7
163
475
215
279
210
129
208
69
232
210
388
255
218
66
297
7
364
89
123
225
97
97
212
250
71
113
415
142
225
333
33
376
179
7
124
7
77
285
266
199
141
211
372
96
172
85
85
76
220
140
223
245
252
275
7
198
157
125
146
288
502
125
105
77
155
321
149
95
211
32
230
7
161
242
131
30
51
109
143
76
175
109
70
83
247
173
33
186
92
55
88
202
207
228
189
335
82
177
72
237
29
113
71
196
238
138
113
301
174
206
145
84
58
143
79
155
351
98
88
22
130
87
138
72
53
75
405
246
195
7
330
77
258
98
182
88
306
169
7
249
247
192
236
98
7
571
