32
85
391
46
46
181
39
37
47
130
620
62
73
46
53
48
54
77
53
558
188
150
17
248
483
222
266
486
147
117
72
275
94
56
67
143
66
61
120
133
49
47
44
136
57
164
758
91
103
210
46
282
335
237
323
183
221
326
316
279
29
94
303
272
273
54
188
61
37
191
166
204
391
161
163
132
250
256
11
79
571
126
57
29
78
67
81
70
76
79
64
61
78
550
190
235
139
69
41
85
71
68
64
175
85
276
375
262
972
146
81
185
40
127
215
29
169
54
90
91
62
75
62
66
43
34
133
36
191
68
84
76
354
331
301
326
60
180
129
137
38
80
55
293
561
91
65
456
337
481
385
90
107
107
93
80
575
376
273
440
75
618
230
240
185
222
227
338
256
436
43
497
140
133
78
84
291
302
195
206
43
40
48
69
50
41
58
51
284
200
70
205
211
307
54
94
195
27
170
231
264
60
64
420
18
395
321
198
28
32
271
400
393
264
342
310
239
312
20
174
196
241
335
57
304
193
62
430
45
55
162
42
33
24
221
422
198
322
109
95
58
269
28
44
45
236
347
252
563
37
63
65
42
59
80
51
52
175
192
78
336
68
64
104
81
39
99
95
53
53
39
379
226
61
26
190
72
225
141
17
298
63
321
149
161
227
51
115
119
25
54
35
53
211
222
265
223
328
42
79
50
35
148
149
127
120
37
23
21
144
248
76
67
60
41
160
248
183
54
84
101
75
93
202
343
306
101
132
178
231
95
172
40
194
42
207
195
42
41
163
81
183
447
523
448
337
151
45
25
57
24
43
53
70
38
176
54
24
80
118
113
32
44
70
104
29
255
135
67
88
199
76
62
60
50
70
47
324
135
136
333
291
190
226
104
291
104
142
168
158
189
325
133
64
154
44
192
88
237
28
87
95
187
194
48
64
67
53
68
49
311
269
70
152
65
55
30
210
243
323
27
29
52
53
376
190
250
171
315
195
130
109
330
290
234
224
322
327
48
32
123
123
266
219
134
60
260
86
59
76
70
245
133
149
58
56
367
80
252
112
48
127
38
52
119
400
132
53
315
58
87
55
94
286
149
78
67
101
25
200
29
28
41
464
187
261
79
104
53
50
66
50
70
46
69
49
285
115
208
62
91
71
101
31
83
29
38
76
293
309
76
304
135
334
242
305
435
231
281
43
130
190
96
175
66
280
262
78
146
253
50
184
371
425
237
151
69
415
108
46
77
64
32
64
28
23
26
40
67
31
42
486
316
428
316
315
362
237
158
53
35
32
39
40
336
78
150
167
149
47
55
101
48
99
141
205
135
152
68
270
57
32
129
22
168
71
116
543
277
29
58
109
156
41
52
69
99
39
266
205
23
28
50
44
38
32
33
174
165
88
93
50
193
145
49
58
84
110
823
298
366
404
50
41
219
253
200
44
183
82
29
109
51
87
120
221
61
78
207
266
29
75
251
72
168
117
261
110
29
211
301
200
23
75
25
278
137
39
39
77
111
98
198
300
140
217
323
48
39
129
56
137
26
32
50
151
43
38
82
77
142
271
56
61
185
140
201
299
178
60
313
158
321
46
100
71
59
253
44
107
83
48
71
17
52
68
58
67
71
43
47
47
168
195
280
43
44
130
355
816
259
425
337
372
319
251
62
126
324
221
266
433
208
220
256
249
73
248
56
89
399
41
38
32
331
77
282
201
236
283
240
197
51
212
34
35
132
89
30
553
38
147
111
115
40
47
90
112
36
41
81
114
70
96
418
105
182
606
162
101
163
114
179
180
106
111
262
176
66
206
55
100
59
63
192
67
104
284
539
182
64
54
51
58
56
49
71
115
70
57
68
328
231
337
407
371
55
77
84
18
398
289
284
228
102
277
42
264
283
228
45
41
60
34
418
372
23
134
201
350
189
254
353
306
48
85
51
47
45
218
131
101
515
216
213
180
384
302
39
52
165
422
33
189
41
125
135
23
201
221
236
36
45
44
38
52
228
64
38
22
35
65
147
144
100
396
345
69
88
68
48
165
141
199
649
466
684
219
161
125
270
109
218
31
404
61
146
254
398
86
151
317
435
104
65
49
48
55
66
73
33
48
71
58
44
63
39
289
280
83
98
98
92
76
75
88
61
197
203
170
79
112
46
187
163
132
61
183
183
71
233
90
84
284
500
31
256
185
168
29
22
88
53
45
51
372
43
67
53
34
304
70
186
182
186
57
79
53
84
114
162
197
45
184
92
198
120
43
63
91
54
108
125
44
59
380
417
259
273
37
50
57
39
25
243
181
26
48
138
164
137
62
47
48
62
49
55
54
74
325
170
102
209
381
160
49
687
438
277
387
193
309
151
264
42
155
169
354
131
46
43
56
185
47
72
49
28
27
308
331
60
132
329
266
189
124
64
135
228
99
442
54
90
105
79
105
90
86
59
135
358
214
164
289
23
42
26
27
34
51
27
20
299
120
97
53
79
69
219
270
202
180
162
178
57
68
54
64
357
310
252
369
269
511
355
143
152
102
295
336
39
56
157
129
252
73
123
153
77
90
58
48
48
50
60
52
51
81
185
284
218
69
69
89
63
54
32
64
262
263
185
199
56
68
22
35
108
45
239
140
149
39
254
292
378
91
47
137
180
46
48
98
125
90
43
189
102
233
216
222
287
80
89
64
67
150
194
148
152
127
166
116
195
97
87
423
147
80
55
116
75
19
122
31
255
319
79
39
43
46
46
86
51
227
487
355
814
236
292
263
336
232
75
261
115
112
136
223
201
143
137
201
110
60
56
35
55
73
169
69
239
216
238
248
63
60
63
60
87
346
126
86
60
134
75
82
229
139
154
29
41
58
21
20
44
22
46
52
36
483
197
362
151
39
26
125
172
68
376
72
120
390
305
286
277
41
44
50
116
60
118
256
311
319
177
148
80
112
98
191
189
49
211
61
53
47
196
110
198
246
165
38
108
146
134
757
318
292
372
312
207
255
290
28
55
31
352
220
438
466
101
61
35
48
29
27
35
31
55
46
39
60
25
109
53
159
211
294
47
128
156
149
156
64
89
214
259
263
496
272
164
258
48
134
66
90
259
89
89
131
100
165
253
331
116
496
86
64
120
352
94
26
25
250
90
405
280
270
65
91
90
91
136
118
107
84
141
156
107
179
161
133
178
214
35
209
389
175
184
152
197
28
62
84
245
60
78
64
43
142
247
111
228
34
91
202
254
56
27
55
290
221
468
358
343
101
156
49
199
714
231
53
65
47
48
47
73
51
66
48
63
64
213
219
25
54
180
79
93
34
80
120
354
96
316
202
69
40
89
297
232
81
555
485
113
79
137
133
53
75
49
81
99
28
46
141
635
205
266
313
226
316
279
25
278
139
19
23
402
220
254
258
323
227
242
43
32
28
41
62
77
186
127
112
364
158
84
37
40
36
300
117
373
411
447
401
306
354
92
82
166
72
62
65
81
68
92
261
148
252
139
112
96
291
572
326
237
77
49
47
54
62
66
59
54
203
164
225
41
422
425
37
49
41
67
27
42
46
46
483
364
35
41
33
64
91
44
190
446
65
40
64
79
63
217
145
384
196
36
542
214
238
232
197
32
25
44
37
33
81
71
67
57
199
350
139
45
61
36
20
57
57
67
62
76
49
32
40
24
73
38
34
53
65
109
132
16
17
20
15
18
21
22
21
18
17
24
59
36
280
592
63
74
27
48
60
53
68
62
214
244
154
332
126
181
192
61
86
105
219
376
80
80
62
99
611
510
279
97
30
41
44
49
256
216
394
251
362
297
48
173
163
133
52
42
40
166
96
247
251
239
233
256
244
245
104
42
88
86
134
190
190
103
59
270
103
106
50
289
289
482
100
210
71
353
26
138
50
395
121
27
191
219
204
223
271
147
46
201
60
41
42
143
65
94
51
82
326
338
60
66
75
62
397
55
46
47
49
75
64
61
315
170
68
72
82
82
140
172
187
198
540
242
308
585
300
272
95
235
259
433
108
151
161
217
226
152
225
55
47
36
44
32
31
168
144
122
36
289
297
302
24
107
100
121
209
239
228
119
212
60
174
117
89
121
73
77
39
126
298
256
328
45
52
48
47
50
192
233
32
265
39
49
101
308
61
62
69
126
274
255
219
192
147
142
64
124
340
240
162
230
131
215
182
44
41
59
59
47
49
52
46
349
429
172
95
181
426
154
445
32
95
252
38
301
186
54
42
385
195
496
331
332
196
173
231
108
147
253
322
211
31
45
138
274
296
219
171
94
229
146
177
207
43
48
58
180
136
96
167
120
251
76
72
35
70
89
79
59
119
71
104
96
190
134
195
37
159
71
185
172
125
444
487
376
383
464
179
62
238
169
93
144
376
350
78
206
403
84
165
162
102
58
255
38
152
174
78
374
46
37
37
43
22
49
116
190
89
79
59
293
197
148
117
124
137
91
130
134
116
77
42
62
63
52
68
51
79
54
226
518
76
81
181
211
166
184
254
421
230
324
151
180
119
73
39
26
33
27
219
73
61
143
130
171
291
334
236
141
47
40
67
146
55
166
46
162
85
127
129
85
41
58
87
249
194
202
104
358
113
109
140
155
72
109
72
46
47
49
61
185
101
72
215
121
132
25
56
38
232
238
216
68
27
139
75
274
83
72
76
43
41
43
34
47
50
44
254
179
107
30
39
203
173
59
146
267
69
389
366
401
356
46
194
116
176
60
134
52
110
347
290
99
40
61
208
265
305
149
184
144
149
296
224
218
67
64
213
198
388
324
23
174
253
81
51
42
36
40
28
112
48
83
79
104
226
71
296
137
211
90
113
25
362
228
471
302
129
110
176
157
52
40
72
25
218
189
258
306
57
96
99
172
145
263
189
177
56
139
32
247
154
603
377
304
120
38
496
25
34
271
22
325
281
28
277
48
66
291
66
222
68
52
72
184
52
48
48
53
83
262
145
491
205
330
662
66
146
386
315
93
83
62
213
201
58
49
75
235
392
257
433
526
204
160
628
322
51
42
128
97
47
82
306
32
41
24
121
63
47
106
117
125
80
37
143
50
41
117
250
51
101
214
63
99
74
70
98
105
389
91
80
375
296
56
78
75
44
40
159
116
227
62
61
52
46
51
54
58
49
242
556
312
46
183
98
167
315
122
209
111
54
42
241
417
264
282
382
127
42
26
242
53
142
121
184
147
36
157
183
142
569
221
487
214
62
81
59
59
162
312
98
360
67
61
46
68
289
295
438
94
33
38
30
162
78
66
48
170
133
170
263
172
168
193
100
41
72
178
44
36
50
163
22
15
19
47
27
27
29
124
17
19
20
28
40
129
148
31
103
316
42
45
67
55
60
46
67
43
60
228
134
261
27
74
94
46
232
150
270
376
90
248
139
231
55
74
206
43
327
422
171
248
286
208
234
30
227
128
62
94
38
118
83
222
112
113
57
181
28
39
103
70
66
70
200
247
169
162
179
74
165
107
143
108
39
49
115
64
19
179
180
189
255
25
72
123
65
66
35
108
281
264
237
240
74
39
118
76
280
299
232
117
329
40
334
213
253
248
187
142
20
25
40
25
39
28
32
47
76
56
164
69
283
342
188
329
218
199
247
48
81
146
127
107
156
54
145
52
316
468
552
567
63
49
55
61
58
57
69
50
240
230
154
169
175
50
213
289
62
42
193
137
39
38
74
29
249
336
20
24
203
125
50
59
115
125
374
248
354
85
71
76
194
181
207
178
162
99
232
222
91
52
50
106
91
59
270
28
416
50
26
75
64
62
63
41
88
148
61
17
74
53
35
24
36
38
37
27
58
500
309
194
56
82
47
229
168
310
291
235
138
223
207
141
293
140
172
104
58
110
172
160
251
33
56
83
62
33
223
58
60
79
88
299
479
582
453
62
190
328
624
176
76
39
56
47
28
60
40
93
55
48
90
170
64
64
170
952
63
39
50
52
53
50
51
40
275
53
354
94
81
87
94
127
26
146
135
373
349
154
108
267
89
144
136
181
324
338
157
208
40
65
56
83
110
307
128
55
21
172
26
191
380
368
264
238
585
200
222
179
218
259
225
83
235
195
56
59
63
61
73
54
53
56
29
62
56
82
77
62
166
68
43
72
57
171
101
470
241
98
95
228
46
136
42
78
45
50
37
58
146
314
170
84
32
125
39
44
32
49
232
24
54
96
61
62
45
293
284
481
159
132
197
86
121
113
109
91
271
225
289
220
273
165
213
52
25
41
58
38
207
141
175
76
471
385
276
203
118
67
174
243
92
83
69
59
152
156
218
466
49
101
248
79
142
148
131
106
123
66
108
95
50
118
121
200
46
31
27
130
170
219
161
205
143
209
332
354
84
86
60
90
247
292
300
159
266
106
94
43
138
109
71
396
328
44
91
81
133
180
244
7
29
27
47
48
57
28
58
34
43
56
55
53
22
40
138
139
253
110
102
125
36
91
199
255
86
28
180
35
65
128
365
169
148
223
160
64
29
261
136
206
117
22
60
71
65
92
133
257
295
85
61
70
212
40
61
163
253
116
121
55
31
25
47
57
162
407
168
276
71
134
164
130
294
270
47
225
120
189
238
59
363
335
343
34
38
53
52
69
57
50
59
59
59
39
210
48
48
25
26
456
171
191
351
275
263
49
223
387
95
125
110
70
120
207
88
45
51
39
79
350
580
256
591
547
22
202
23
380
52
27
82
96
25
213
60
170
467
399
463
316
223
41
113
62
41
97
169
68
54
162
420
321
306
185
124
118
91
112
159
177
73
489
228
320
149
100
126
89
63
139
62
410
150
65
173
55
63
72
63
54
99
112
116
123
38
54
38
276
72
183
448
272
313
246
56
43
75
51
63
183
473
49
55
45
82
169
827
234
187
409
253
63
181
179
53
239
378
219
178
40
61
247
41
289
98
400
345
61
80
396
267
347
75
56
77
54
55
51
56
59
405
44
234
61
61
213
177
270
220
378
449
244
32
30
182
133
105
105
108
27
225
42
85
195
150
34
126
189
33
318
69
76
81
61
59
46
53
60
58
54
58
255
211
304
545
43
102
182
207
218
122
131
93
251
620
269
107
418
46
60
38
85
23
37
85
128
154
103
205
126
214
246
200
31
44
88
64
133
269
242
155
156
41
193
105
60
193
32
33
42
27
34
39
204
135
170
15
16
19
17
28
19
20
18
29
17
20
88
22
26
29
125
301
243
180
61
64
118
69
66
232
46
205
180
88
151
169
86
51
71
236
192
38
63
73
70
437
30
234
20
54
