97
97
80
650
99
110
57
198
182
22
74
173
157
106
105
112
72
227
46
439
158
76
99
74
56
141
142
55
182
401
64
44
567
54
79
138
89
415
160
88
125
88
274
183
76
108
61
51
240
111
99
166
57
57
84
60
187
49
184
651
363
179
806
108
146
81
95
198
283
66
448
93
71
165
241
176
31
125
83
222
115
92
88
105
44
167
119
58
90
35
142
147
335
84
133
79
172
439
57
61
44
88
41
289
135
94
70
151
122
387
656
86
377
100
119
315
49
81
458
89
90
59
107
103
67
112
58
103
324
113
54
127
108
101
99
96
90
112
242
47
203
60
83
208
58
48
59
138
166
92
129
80
48
218
65
207
61
464
805
93
177
183
178
103
109
122
81
52
68
102
91
107
277
77
95
180
55
208
78
69
104
151
124
62
85
136
275
192
69
85
123
97
194
99
72
144
114
326
83
138
291
61
115
314
67
145
114
197
517
81
100
69
232
421
178
70
43
73
119
304
507
77
77
83
302
102
114
82
330
185
40
271
107
523
53
169
223
61
30
213
307
47
101
78
86
69
72
404
273
162
268
164
335
150
332
127
79
226
270
72
85
127
74
100
69
95
178
136
89
208
174
140
258
197
43
79
70
93
86
254
601
79
72
137
60
102
42
289
159
76
83
51
46
99
531
82
128
361
102
186
103
31
482
45
103
43
128
83
52
232
224
94
70
76
157
92
490
207
72
191
123
80
246
65
64
132
76
47
101
141
103
57
92
62
198
240
347
84
139
474
102
73
111
529
59
71
200
140
104
82
250
78
254
62
63
59
466
70
91
565
118
253
257
173
129
76
61
292
28
570
63
43
132
62
116
197
61
143
82
68
185
206
143
42
87
91
70
203
212
269
166
206
89
95
111
106
91
141
26
951
422
103
52
175
296
303
183
90
597
210
272
120
55
204
89
48
275
164
161
423
194
49
144
891
85
64
62
75
95
424
97
45
310
242
36
230
54
544
92
54
251
81
37
118
143
274
75
85
456
116
71
189
130
159
186
506
188
186
84
103
410
96
62
93
94
121
135
48
168
61
66
61
163
137
76
167
132
80
90
86
144
62
183
156
348
94
679
204
133
471
149
55
157
126
99
156
56
1007
158
172
380
74
259
389
77
81
208
59
208
273
109
82
142
167
174
486
89
147
153
154
138
314
252
84
126
132
42
119
137
69
124
52
101
47
710
105
102
213
91
119
84
513
83
87
86
105
117
364
70
523
85
126
106
85
151
99
185
130
92
109
197
180
308
123
113
166
99
69
60
71
78
266
100
100
129
342
426
100
100
237
58
65
106
77
135
581
510
320
61
78
145
233
65
181
83
167
225
120
90
148
186
42
39
115
52
278
61
129
206
68
91
51
92
245
173
167
537
178
369
353
188
104
97
387
174
475
707
162
46
334
386
686
42
93
137
70
90
194
72
69
161
94
167
71
177
85
62
137
151
143
349
120
84
95
83
105
268
100
482
55
90
117
145
167
37
122
131
376
43
266
58
121
145
371
178
136
214
248
72
310
91
390
188
61
267
626
330
106
221
317
204
61
87
91
151
180
182
81
179
707
206
55
153
162
41
52
90
685
839
80
106
84
87
75
117
50
102
106
266
66
317
97
47
94
60
120
57
61
48
112
104
416
70
139
92
26
142
76
75
55
107
229
39
73
255
77
241
202
213
68
71
72
103
71
160
486
52
431
394
197
256
100
111
213
67
138
103
80
105
112
393
146
100
72
67
165
153
80
153
57
26
106
76
152
52
187
126
112
254
180
90
297
67
161
238
89
87
58
45
80
126
241
388
75
66
74
214
65
50
86
123
77
238
54
650
244
120
240
200
73
159
123
153
270
112
194
62
45
24
229
277
39
80
66
66
81
118
37
121
53
149
78
39
40
76
101
343
105
138
119
60
120
257
52
108
144
66
283
95
57
391
123
168
95
132
209
104
57
146
122
83
98
68
189
146
84
101
177
98
95
48
93
81
577
445
511
202
44
53
69
307
651
84
93
105
178
218
293
240
51
92
81
67
149
469
80
519
95
143
469
45
174
303
484
129
95
90
54
58
109
92
522
79
64
194
89
113
376
97
66
85
102
54
93
74
38
71
102
263
50
201
80
164
98
354
76
206
32
363
89
45
74
195
369
114
147
184
92
82
108
98
57
127
142
161
107
167
113
358
153
132
386
88
444
100
93
95
74
49
74
81
61
117
214
116
558
66
61
78
201
335
72
85
138
92
222
42
254
86
80
158
275
86
78
58
60
466
111
111
206
49
95
93
60
81
113
142
64
120
65
82
279
74
53
129
232
49
70
55
627
77
69
133
64
81
280
114
134
134
129
31
138
92
61
199
257
418
80
137
195
87
97
198
83
144
225
217
93
302
139
266
181
131
161
40
87
69
57
39
353
131
161
43
80
290
161
224
104
108
62
61
465
77
111
640
190
55
142
80
187
329
204
110
184
171
193
73
109
323
58
196
71
40
44
100
141
140
347
68
180
59
30
44
118
61
243
117
456
89
140
464
66
69
53
49
67
202
51
379
70
72
53
333
96
219
204
91
101
346
125
90
416
41
323
303
70
108
77
43
287
80
41
41
394
105
82
169
132
283
229
143
76
39
57
66
127
49
227
102
206
301
127
83
92
108
366
293
185
112
48
152
126
167
642
76
124
225
88
174
145
226
101
56
38
68
134
74
124
126
44
116
146
166
201
111
93
174
733
107
171
302
101
116
46
103
44
116
464
167
240
318
83
69
68
104
88
232
87
115
72
124
65
133
155
96
175
74
85
342
474
693
92
112
159
272
67
55
612
234
93
901
277
183
141
145
161
196
51
65
259
83
32
116
108
245
78
57
50
197
103
149
87
44
197
61
210
260
177
50
101
130
915
110
32
368
99
194
161
92
138
414
120
70
110
63
66
40
94
155
241
81
76
172
242
42
226
52
125
118
499
35
80
115
53
61
176
140
61
421
173
172
49
55
206
95
180
51
239
141
63
46
134
214
113
59
115
58
97
95
146
157
86
113
123
119
204
121
110
383
239
156
184
426
349
204
71
140
120
100
86
153
555
165
103
470
58
115
241
77
142
74
228
145
461
123
111
51
311
219
78
216
38
96
87
87
36
60
68
64
157
170
227
50
108
73
38
137
111
259
122
61
64
92
123
53
133
72
390
354
92
570
60
126
71
91
81
120
956
126
68
73
141
113
151
106
181
150
112
177
95
82
56
54
72
85
48
445
94
67
349
276
257
477
82
132
62
167
69
632
153
127
96
587
91
196
111
151
71
157
60
44
220
194
95
41
114
79
142
251
521
152
69
53
137
206
147
150
188
57
160
46
79
52
80
44
70
56
47
392
96
39
539
50
45
52
126
203
79
89
50
56
117
74
53
326
197
369
124
48
138
43
530
56
170
115
190
89
367
216
44
104
66
62
61
458
108
48
340
177
202
67
124
107
155
159
252
107
91
145
141
136
75
213
65
171
43
206
271
403
64
82
116
106
40
96
911
84
155
82
697
73
201
81
126
54
53
70
63
72
390
80
335
329
105
293
495
784
62
33
119
99
66
105
37
95
74
166
173
114
86
190
599
141
353
158
136
89
200
113
390
124
122
145
60
54
147
49
200
223
385
152
172
74
63
28
79
179
62
266
440
37
117
131
99
198
156
352
364
176
68
162
61
52
120
87
41
94
171
105
57
98
254
73
541
242
50
173
331
77
58
411
266
387
417
161
514
211
151
36
117
125
149
113
78
41
205
391
501
151
297
528
111
90
56
188
176
93
88
57
96
68
78
139
661
78
61
95
175
82
121
60
62
158
95
177
153
59
63
78
63
233
67
98
68
117
269
175
55
127
89
65
77
83
190
182
418
193
96
134
64
149
32
331
855
218
110
104
82
85
66
66
51
90
87
53
65
58
525
228
131
76
74
104
66
140
129
65
128
19
47
314
310
447
384
115
93
46
82
70
65
396
166
229
58
381
94
274
90
180
253
172
92
103
157
102
62
151
176
892
124
67
276
169
39
132
584
332
196
69
35
274
139
192
65
185
509
142
111
160
292
68
258
60
76
156
167
389
358
150
139
86
92
44
120
41
73
69
288
96
238
57
117
72
62
201
113
846
89
55
71
43
854
84
140
96
194
73
131
170
116
72
143
42
225
282
67
401
33
71
104
604
148
62
173
78
95
107
55
212
513
103
59
83
95
136
98
348
76
135
365
409
99
110
105
144
88
163
430
287
223
75
74
149
319
132
334
439
122
104
124
111
93
46
85
179
140
450
148
179
72
80
131
122
105
50
79
80
280
62
648
26
125
89
62
322
61
70
100
101
404
64
119
218
115
86
179
105
108
270
71
238
53
70
302
72
62
116
84
470
125
196
135
926
123
219
118
183
188
119
456
86
154
57
518
143
165
72
98
358
132
171
145
55
99
61
46
56
146
74
113
52
57
366
82
86
488
201
75
172
82
95
673
81
330
44
155
98
120
159
266
71
234
303
716
63
94
322
100
156
84
290
77
145
355
218
145
141
362
130
132
110
101
104
71
57
81
196
165
74
111
65
89
195
132
464
383
61
77
89
101
236
86
344
78
98
31
327
168
127
157
124
117
536
175
78
97
35
72
134
485
103
40
108
62
66
152
242
165
184
112
116
43
97
53
438
312
139
109
141
170
103
150
471
214
187
113
129
113
92
276
72
52
94
42
93
151
57
112
192
241
59
275
112
98
445
207
382
286
115
68
95
101
658
57
773
93
208
101
141
90
102
221
68
294
38
84
160
77
249
173
60
60
65
60
39
88
77
128
104
67
70
110
124
50
126
130
107
165
131
235
68
209
113
100
56
95
115
202
87
144
50
30
83
59
72
138
170
93
109
87
96
44
74
40
187
175
129
75
95
334
100
85
111
164
61
73
107
75
76
76
101
372
92
152
102
377
116
196
65
67
108
122
95
407
140
109
101
93
96
158
91
174
213
230
146
80
470
199
88
40
103
98
318
110
204
109
52
125
84
58
50
87
85
157
121
64
63
75
185
31
139
150
39
145
212
99
106
98
108
268
72
172
88
452
57
337
171
40
67
63
243
775
90
97
106
62
135
106
186
58
126
52
89
132
98
129
135
76
157
168
112
218
60
38
109
166
225
134
62
99
302
68
48
222
143
87
140
109
51
52
88
34
144
43
154
82
431
210
305
65
58
73
139
60
115
155
49
48
160
182
362
370
102
115
51
192
72
82
76
58
56
180
117
108
189
50
32
304
112
74
42
172
44
85
82
368
173
162
113
139
195
272
78
132
85
59
101
89
73
116
199
609
70
106
90
211
78
107
143
426
37
145
136
142
65
121
105
261
489
89
284
171
108
608
66
87
112
161
131
92
61
62
105
206
159
88
231
141
73
78
96
108
104
336
124
158
429
73
432
173
151
289
112
108
56
332
124
113
178
529
93
97
101
658
83
43
70
48
55
206
101
341
270
88
49
150
64
273
156
66
160
148
78
701
461
126
326
132
98
564
74
101
125
94
1035
137
53
131
166
43
74
81
101
278
101
117
115
277
43
55
81
349
187
