55
67
12
31
23
36
81
53
91
20
43
51
49
161
56
57
56
38
29
61
26
45
49
89
128
22
50
48
86
50
17
59
102
65
56
49
61
33
50
61
30
82
55
105
60
28
77
43
120
61
56
64
62
90
55
67
66
66
85
57
43
101
53
41
38
54
35
45
54
73
36
91
110
39
47
72
111
80
58
90
48
106
101
67
102
50
57
57
129
43
60
87
44
134
37
67
85
23
90
84
115
34
48
47
59
27
36
38
64
128
41
60
50
53
74
60
51
59
31
44
54
73
88
82
72
52
48
78
84
28
93
109
71
70
60
37
17
77
45
117
47
50
22
51
51
89
64
48
92
63
100
67
19
36
85
73
77
47
41
116
27
72
147
113
115
78
52
88
56
80
72
95
94
87
27
37
77
27
90
24
21
52
56
60
93
70
111
78
87
53
79
61
119
22
69
50
71
92
102
51
77
104
30
66
85
87
69
47
94
103
66
124
105
46
32
88
43
72
86
57
55
67
16
29
118
31
57
37
78
81
41
75
40
95
57
62
57
21
55
43
29
30
35
159
49
50
62
49
41
20
36
83
66
25
63
38
74
28
57
50
61
153
56
18
36
87
74
52
45
66
24
124
44
98
52
72
79
59
47
50
15
64
67
39
23
19
59
61
78
53
31
90
51
95
43
94
66
22
55
81
25
49
37
103
64
51
60
57
61
62
76
30
25
63
133
35
85
60
50
12
44
24
33
26
85
23
41
112
175
44
33
69
26
84
33
32
37
63
23
32
77
91
45
148
53
67
53
56
87
18
58
80
55
42
34
39
63
31
43
56
26
32
90
127
68
69
47
47
80
66
57
42
104
49
84
29
49
30
53
48
81
18
44
28
22
34
27
62
22
53
48
34
21
28
93
31
43
22
23
29
113
45
49
60
16
78
25
26
37
55
28
39
46
72
52
104
132
29
47
54
65
48
91
32
44
56
70
67
16
21
49
73
129
88
70
29
34
24
60
42
102
79
66
39
36
50
45
63
40
33
25
118
86
67
80
89
44
73
96
45
36
63
42
65
44
83
69
45
42
43
36
43
48
36
76
48
22
44
36
51
23
18
89
17
92
47
61
53
34
42
22
86
60
42
51
59
54
132
46
27
20
43
68
38
53
12
49
26
26
50
29
42
41
51
42
36
77
40
78
51
109
45
26
46
45
38
49
102
49
48
21
20
33
45
95
32
74
32
75
86
74
28
46
37
52
53
103
30
51
20
81
61
61
47
65
57
46
34
84
66
80
91
82
82
64
60
47
91
36
69
131
63
76
85
160
38
36
70
62
35
33
49
47
48
40
44
92
85
28
26
38
65
22
78
41
29
26
89
73
92
54
75
39
52
54
19
51
31
54
58
40
46
68
33
52
40
56
20
71
36
65
69
92
126
60
62
75
43
65
31
31
38
52
58
71
41
73
34
111
52
29
56
71
68
94
28
37
86
36
61
33
50
37
37
74
44
83
51
100
74
120
50
33
47
54
88
36
34
20
38
32
108
45
102
28
92
37
63
54
41
67
87
24
95
81
31
90
79
46
41
64
67
54
94
81
51
55
64
38
81
46
35
111
68
35
77
23
61
74
46
88
54
45
41
40
103
57
70
74
144
67
51
55
50
46
74
32
66
83
63
67
64
74
18
31
35
50
98
62
40
44
48
45
21
57
53
42
42
38
24
36
89
64
45
55
115
52
73
69
35
53
37
61
56
85
102
24
38
44
37
43
109
24
26
24
59
24
65
41
81
74
54
68
47
56
57
77
38
80
32
159
45
100
24
66
107
178
79
54
70
40
47
59
73
77
40
66
48
73
102
63
52
74
78
49
27
49
36
82
31
81
34
69
86
93
102
61
67
78
32
16
34
16
23
58
81
27
54
32
29
27
62
76
75
70
41
34
38
35
57
60
21
23
27
80
66
62
83
48
38
21
45
20
51
41
55
33
125
56
23
69
65
81
24
56
28
32
18
28
51
24
46
26
31
30
42
42
96
48
63
34
43
86
43
41
41
21
71
28
53
78
70
61
39
27
80
75
25
19
47
61
47
57
32
61
119
55
60
20
67
44
52
81
30
54
137
136
57
46
23
25
107
71
26
54
52
28
52
41
37
52
58
49
40
95
96
60
47
35
35
51
27
35
39
52
44
50
57
59
70
129
27
56
31
84
48
66
36
55
48
59
46
68
69
133
82
32
54
70
42
56
39
39
56
86
89
38
63
56
68
83
58
55
89
57
46
63
81
46
59
53
49
62
43
65
33
57
49
30
49
51
23
54
38
41
46
89
51
26
28
22
73
60
25
44
70
24
21
47
42
41
69
92
47
40
38
100
144
47
38
66
54
12
36
135
22
32
34
75
45
69
49
54
85
46
40
73
27
105
35
30
66
54
112
33
58
27
41
44
133
23
53
57
37
42
42
40
45
39
87
26
21
27
29
43
70
49
29
43
88
40
63
69
35
90
63
28
49
38
20
35
96
47
64
76
81
49
57
20
56
65
76
53
34
60
33
99
28
51
74
38
29
56
40
66
51
47
50
41
42
25
99
47
70
92
29
39
24
31
22
53
95
43
19
118
26
53
35
57
13
53
82
41
67
70
34
42
52
42
47
69
88
65
75
69
51
68
51
28
53
54
29
79
22
37
43
73
76
55
74
53
87
60
50
47
67
47
47
53
49
53
65
93
41
57
94
93
64
121
101
68
107
86
49
65
42
93
48
51
85
71
69
46
75
45
85
56
81
40
71
36
97
94
94
35
47
91
52
62
45
45
39
100
37
50
62
138
71
61
84
42
132
65
110
57
128
35
104
63
63
41
58
66
24
57
64
63
48
91
50
92
78
59
25
32
108
30
54
105
43
62
76
37
24
88
69
74
90
84
61
32
58
25
50
42
51
93
70
80
88
24
74
61
84
59
47
29
93
53
74
78
60
29
23
85
33
91
111
33
43
172
30
58
78
19
31
80
76
72
78
43
59
108
63
50
87
65
73
45
49
74
53
75
66
59
52
79
43
57
90
85
67
50
49
87
36
77
48
100
78
42
52
64
119
21
19
32
43
61
53
59
64
55
74
30
39
32
85
63
67
96
65
100
33
44
36
45
97
97
86
78
54
60
81
67
37
44
69
87
92
60
57
40
40
34
54
30
39
24
58
48
46
47
44
44
25
22
29
42
64
23
64
72
23
40
25
24
17
9
38
71
72
85
45
10
36
112
28
38
74
35
15
103
40
14
47
30
40
66
30
14
70
26
32
38
36
45
22
40
23
14
48
24
61
47
68
31
56
30
37
37
79
84
32
39
44
29
89
86
39
76
22
83
50
43
77
33
80
82
53
41
61
64
49
34
41
50
59
38
42
39
45
47
22
55
86
51
118
29
72
29
104
32
28
118
58
23
84
47
64
84
92
43
72
62
89
34
42
53
62
70
35
42
79
42
54
27
50
55
51
53
34
43
40
58
22
42
35
24
83
60
69
28
57
33
28
65
50
77
45
39
65
62
28
45
64
57
62
35
74
42
39
63
46
30
31
32
29
25
89
38
45
30
60
42
31
48
44
43
26
66
34
24
31
55
56
47
56
16
57
49
48
54
59
93
76
99
112
88
36
50
85
70
98
66
129
73
43
38
78
40
85
43
48
22
78
56
43
23
45
44
27
33
20
15
48
34
58
54
37
50
59
33
36
36
26
43
44
40
49
80
58
50
43
45
40
39
29
68
63
41
33
52
38
31
45
84
62
49
37
34
111
46
53
67
31
39
47
38
61
23
82
114
49
58
113
43
94
31
117
77
68
35
75
153
84
81
75
95
85
135
55
71
74
42
150
56
82
83
40
61
56
81
78
25
65
56
122
77
85
86
64
53
32
79
13
44
34
81
91
87
93
53
114
28
57
104
65
105
82
51
47
33
43
27
47
70
35
52
49
38
33
32
96
70
78
52
50
58
39
58
32
63
62
39
170
72
20
78
59
25
54
73
31
47
116
15
58
37
66
36
24
42
42
60
116
140
136
37
33
30
66
109
61
66
117
43
121
55
50
74
79
80
39
46
40
76
77
109
57
61
45
32
39
82
85
62
59
58
62
54
84
87
71
61
109
60
97
108
85
48
60
146
77
144
63
36
75
45
57
55
48
112
66
46
166
47
90
42
49
43
83
61
59
46
60
38
32
38
23
55
35
89
49
89
96
84
86
48
61
60
28
80
71
61
56
94
23
68
101
231
60
38
78
64
71
48
111
54
80
37
38
144
56
87
62
13
92
43
49
29
56
63
74
38
24
104
62
49
116
43
67
51
48
64
91
48
74
47
74
52
31
21
27
72
45
38
61
30
43
28
61
36
31
25
76
69
51
50
53
118
77
55
103
41
21
50
51
61
108
85
82
56
27
67
61
90
43
70
43
48
58
46
28
104
61
33
38
51
92
42
71
82
34
70
22
112
70
84
35
54
40
39
49
67
57
62
55
115
41
27
62
51
61
28
83
80
75
44
53
103
54
57
63
64
53
51
114
55
34
60
105
67
25
31
140
90
23
27
40
14
53
32
19
46
64
56
115
37
55
86
63
88
34
85
47
56
43
74
71
109
41
39
21
99
69
24
83
56
60
41
47
27
44
61
34
49
58
61
88
43
35
54
40
58
85
23
87
93
35
35
61
37
106
46
66
85
68
39
61
74
96
88
61
33
69
68
66
91
61
86
39
42
64
77
66
80
41
73
76
49
143
61
47
117
62
97
94
49
42
18
15
27
62
53
86
54
24
179
109
54
41
159
58
25
70
62
54
75
67
63
44
32
74
50
87
43
88
49
121
115
78
37
78
29
42
32
58
48
28
63
44
61
49
66
80
20
58
57
51
86
30
74
63
36
112
31
47
30
35
45
42
24
13
23
32
114
51
58
22
47
40
71
85
71
18
43
54
79
62
51
90
58
47
40
47
75
20
41
38
29
23
79
44
88
105
129
93
28
60
25
63
102
80
31
36
81
47
138
97
81
52
33
85
92
24
14
44
44
65
33
25
46
51
22
40
37
40
56
51
74
82
22
77
62
32
53
15
130
16
34
17
75
17
55
56
51
53
96
41
59
75
42
96
37
67
98
33
54
111
89
51
151
60
60
42
28
29
35
94
26
28
28
69
60
71
61
112
77
39
71
90
45
58
28
81
23
43
110
17
49
57
62
24
35
49
44
56
73
81
80
19
132
54
85
91
42
49
18
42
87
55
71
20
47
66
28
69
70
88
54
26
30
52
101
41
77
49
27
51
50
35
36
25
52
66
17
29
56
61
74
27
63
31
50
25
53
59
46
50
26
51
57
20
59
27
83
45
32
61
62
67
73
31
10
34
23
37
55
73
52
29
20
46
96
32
9
89
52
31
74
54
71
26
96
56
74
24
31
92
37
76
72
35
57
39
86
62
113
62
35
110
33
79
38
100
97
42
58
19
62
29
36
65
120
64
110
91
44
42
33
68
101
20
35
15
87
31
131
108
114
