139
654
118
149
308
163
162
131
227
97
318
72
351
154
214
44
153
408
86
193
53
57
163
250
89
87
264
133
67
429
57
123
83
108
72
215
114
81
296
93
141
125
310
74
63
201
116
74
139
70
109
135
373
73
121
97
74
771
52
96
216
89
191
187
540
127
185
88
368
108
143
145
73
254
231
237
96
321
202
78
356
403
152
153
101
231
35
67
98
60
321
177
84
121
108
41
134
128
159
86
158
562
134
84
102
340
50
51
87
70
82
229
64
135
152
110
113
31
87
101
46
269
106
234
82
191
274
117
93
240
154
410
209
156
166
353
247
154
111
55
148
326
69
100
160
132
375
52
69
139
180
183
1156
139
126
69
102
198
571
358
53
168
82
182
51
333
173
26
132
181
105
80
312
62
105
186
114
314
153
45
321
332
149
185
189
75
343
113
255
204
131
294
200
204
186
265
69
138
171
90
327
106
153
249
106
423
201
144
141
216
269
283
98
97
224
82
195
367
115
95
526
224
80
126
72
84
128
167
149
141
154
174
147
175
166
110
418
303
293
183
105
265
133
280
85
102
128
126
192
399
97
268
174
280
147
86
233
218
117
397
198
100
553
238
30
102
89
74
193
161
218
255
34
158
131
93
304
100
97
231
243
97
2699
109
99
159
152
260
587
147
294
73
88
162
112
98
144
64
171
81
141
150
337
127
288
299
471
65
1271
85
104
327
259
227
158
221
519
294
132
285
106
119
226
249
87
465
179
137
344
206
263
142
210
228
27
61
214
130
111
188
311
180
103
173
270
203
120
58
542
131
282
128
150
171
188
161
90
111
79
294
76
173
105
64
347
104
75
85
282
127
216
348
82
110
172
151
66
239
109
149
144
250
651
71
126
121
117
259
98
37
266
314
94
138
181
474
159
59
136
63
167
151
228
93
802
325
580
99
302
200
337
81
25
549
345
324
50
71
71
200
174
274
125
209
80
244
407
58
233
136
199
168
186
137
174
148
123
136
82
98
64
60
59
156
77
97
186
282
437
109
193
75
189
148
81
116
125
91
238
207
117
73
175
101
109
189
256
108
204
153
83
780
133
302
70
131
203
270
134
358
92
198
178
135
289
196
70
94
367
38
136
298
118
104
240
295
55
77
54
78
81
174
172
44
72
122
67
292
91
136
353
249
139
198
86
361
335
522
178
111
144
127
145
68
95
175
328
86
236
51
476
277
275
254
269
112
68
341
534
59
93
2188
306
109
252
594
185
276
60
221
180
61
171
131
270
160
54
272
190
230
81
34
88
108
211
115
156
110
54
125
96
310
189
171
512
75
248
380
174
379
191
34
127
116
75
85
104
32
126
246
92
116
63
120
508
557
252
90
125
447
102
264
101
67
78
272
260
139
189
154
129
87
280
84
174
200
221
142
157
124
272
187
382
152
175
181
154
162
377
106
200
307
146
232
254
471
302
149
79
147
98
293
246
134
83
127
144
149
201
41
33
731
169
71
116
296
99
345
73
92
112
134
104
346
264
53
210
214
73
131
157
40
77
32
106
563
425
126
610
83
95
516
383
500
168
186
334
539
164
120
294
137
251
97
128
266
67
85
272
327
75
127
101
61
123
47
176
74
218
275
530
38
348
239
149
91
212
163
461
1499
69
62
57
89
221
66
150
114
174
337
133
170
166
116
70
134
74
59
225
461
167
291
297
144
561
81
306
128
96
325
208
166
79
77
165
43
163
259
230
91
109
71
222
55
263
75
160
134
282
59
335
303
128
94
83
296
87
54
69
136
207
115
135
105
272
225
153
72
108
237
193
51
883
281
163
243
177
817
69
266
117
168
92
101
1140
155
148
116
112
310
146
158
164
94
151
88
319
434
216
248
325
279
230
121
158
160
147
123
264
136
86
177
83
231
64
312
63
66
69
58
637
108
124
147
98
118
804
250
148
244
133
152
86
133
196
228
59
120
306
323
341
144
359
204
670
260
241
241
139
161
835
44
97
282
180
164
259
77
