1060
206
68
139
378
227
224
190
164
182
127
284
2192
205
431
125
255
719
156
283
2405
120
178
391
1959
203
136
151
523
104
83
171
101
247
225
96
515
591
299
134
228
313
500
103
156
1894
343
1652
90
249
81
304
280
268
120
186
155
189
29
163
118
159
110
208
147
310
97
163
89
76
290
117
142
177
105
166
410
191
75
249
222
156
339
160
154
226
1400
69
81
230
170
330
291
80
308
154
476
114
324
61
117
206
206
57
361
176
2114
127
121
130
226
73
392
84
112
2020
67
277
179
94
382
347
710
153
117
340
183
241
257
263
463
185
269
2829
2178
303
205
377
115
257
276
135
142
1223
176
266
150
77
233
416
2020
86
350
190
82
242
92
614
173
136
40
144
44
114
346
75
151
260
193
191
174
72
76
179
119
265
431
178
64
205
171
148
169
126
487
388
372
107
202
277
256
202
680
285
99
79
182
83
301
137
382
56
138
162
164
73
183
2402
244
156
111
251
94
106
154
162
269
111
113
36
461
110
119
729
145
2173
110
99
66
80
116
58
192
200
423
99
136
118
399
481
92
204
218
129
143
169
293
118
328
156
219
921
71
68
181
100
43
188
155
319
59
226
135
291
247
307
68
171
139
136
2214
247
147
258
184
145
305
141
1898
177
193
79
136
304
128
279
107
188
130
178
179
787
185
149
184
122
61
2353
409
287
234
96
191
562
335
71
287
70
162
1522
281
614
227
581
179
304
467
171
95
302
208
284
218
117
118
175
321
66
173
184
100
233
170
95
108
264
45
298
57
44
92
287
620
164
193
128
283
390
265
122
74
198
216
99
245
105
93
57
234
79
33
209
165
230
170
397
124
288
150
225
180
89
311
521
199
489
3099
61
220
159
208
140
96
168
190
87
918
168
216
298
786
90
857
205
117
64
73
72
188
270
214
203
72
144
99
55
219
3548
184
111
447
557
245
71
329
162
143
182
100
95
226
125
96
190
190
102
252
251
93
138
109
138
412
33
143
421
223
79
408
165
131
77
439
103
262
103
395
350
291
244
143
160
63
138
121
219
86
161
65
198
279
175
134
95
380
205
245
92
241
61
162
133
187
112
379
350
102
106
800
543
112
123
156
167
2477
214
112
186
213
139
96
63
166
772
100
176
139
234
197
597
179
68
410
154
497
120
308
98
152
89
445
151
242
211
98
132
151
112
80
88
245
104
174
154
911
118
49
112
266
30
250
104
277
181
119
150
238
259
157
317
84
259
253
889
269
462
716
243
150
513
2256
62
676
146
43
329
74
96
636
199
178
128
69
391
199
166
575
340
132
340
111
36
156
178
587
177
98
177
73
32
195
123
159
90
90
173
182
163
189
123
303
138
149
83
117
104
205
104
131
125
128
206
202
75
112
114
103
54
116
211
105
132
271
72
212
29
229
208
258
133
300
113
126
110
129
207
170
521
86
130
151
269
487
99
96
63
154
100
43
157
275
146
614
75
237
54
68
393
106
78
306
110
162
380
233
287
174
167
106
46
867
138
77
323
94
222
109
177
80
203
189
102
229
217
113
343
251
797
256
205
1069
199
117
101
94
309
94
248
200
88
169
236
105
41
180
73
323
121
110
229
104
52
68
223
150
137
33
72
108
95
452
42
107
77
164
126
211
300
159
60
143
134
142
384
96
281
98
222
40
484
324
90
263
153
92
69
104
1779
153
74
265
84
212
305
222
146
113
139
2389
464
82
187
96
239
176
724
270
135
139
112
207
53
281
296
85
268
747
165
116
593
253
133
214
192
183
218
277
114
371
221
156
267
206
164
667
110
225
80
149
55
140
75
383
283
215
192
184
1456
338
90
112
327
88
188
214
67
216
131
714
158
184
89
170
107
253
253
51
170
39
142
67
455
151
109
152
85
174
154
2664
111
347
205
440
393
316
168
54
88
127
185
200
149
367
120
182
330
2205
241
50
182
94
357
141
208
73
637
939
145
328
124
240
223
411
83
211
219
77
49
273
240
175
134
166
173
2628
181
144
492
173
54
277
201
451
95
185
96
430
172
77
135
134
217
92
88
119
170
182
93
200
606
240
157
191
120
105
232
543
323
82
158
199
108
179
151
226
197
262
207
267
1250
333
195
238
169
211
146
99
